1.5126722332414837
2.256090863709897
2.9808374290027837
3.7111389605139817
4.470326033373585
5.186943521210807
5.911303627784033
6.627524535374336
7.384768801441769
8.087243975439822
8.8365846378201
9.564166604992613
10.291182159031617
11.026489824069314
11.760533057499591
12.48832435793622
13.223681462315023
13.945952123304806
14.6845973278623
15.423682125928861
16.14235456669107
16.88633659311278
17.615587730411328
18.335584614240226
19.0765517217024
19.801437923227695
20.534461448490973
21.2616730952423
22.017198149724106
22.736751247108696
23.46637515407385
24.192297282106352
24.93193741069334
25.662022999481202
26.397833035219527
27.12482405424838
27.857163152603704
28.60818629952775
29.3336197948301
