1.5440911466809557
2.259367773563964
2.985783025804144
3.0175192539858546
3.668876791993392
3.7197425215436724
3.7596490630183688
4.459845116462939
5.130931901663074
5.186094982837714
5.897639942313431
6.584096173047713
6.595001140388844
6.645841842273042
7.322289387333922
7.333881796830323
7.3792595283738995
8.055700458938457
8.112418841929284
8.8184957940967
9.556172815382508
10.295056168766017
10.963901521793376
11.024245329846908
11.714771731921243
11.771702967025474
12.445540207347559
12.45664196543383
12.502616306637396
13.181954006728443
13.193999097312911
13.234217075317709
13.90375137712406
13.91453073832794
13.957776362218347
14.635035008298587
14.646884165783792
14.685553625171622
15.37553080920849
15.42559885012425
