0_0.35 
1_0.32 0.27 0.27 0.27 0.28 0.29 0.29 0.29 0.29 0.28 0.25 0.25 0.27 0.28 0.27 0.27 0.29 0.28 0.28 0.26 0.27 0.29 0.29 0.27 0.26 0.29 0.26 0.27 0.27 0.26 0.28 0.28 0.29 0.3 0.29 0.27 0.29 0.29 0.27 0.3 0.3 
2_0.33 0.0 
3_0.02 0.34 0.32 0.34 0.33 0.34 0.33 0.34 0.34 0.35 
4_0.28 0.13 0.28 0.09 0.28 0.09 0.27 0.26 0.28 0.27 0.23 0.25 0.27 0.26 0.24 0.25 0.25 0.28 0.25 0.26 0.27 0.29 0.25 0.26 0.25 0.21 0.24 0.27 0.25 0.24 0.26 0.25 0.25 0.25 0.23 0.25 0.24 0.25 0.25 0.26 0.27 0.26 0.25 0.25 
5_0.33 0.06 0.34 0.34 0.31 0.33 0.35 0.35 
6_0.34 0.33 0.32 0.33 0.31 0.33 0.33 0.3 0.31 0.32 0.31 0.3 0.32 0.28 0.31 0.33 0.32 0.31 0.3 0.32 0.32 0.32 0.32 0.31 0.32 0.31 0.3 0.32 0.31 0.29 0.31 0.3 0.29 0.29 0.27 0.32 0.29 0.3 
7_0.3 0.3 0.32 0.31 0.33 0.35 0.31 0.31 
8_0.03 0.16 0.34 0.3 0.29 0.34 0.34 0.33 0.32 0.34 0.33 0.33 0.31 0.34 0.29 0.34 0.28 0.31 0.34 0.32 0.34 0.31 0.32 0.3 0.35 0.3 0.33 0.34 0.33 0.3 0.34 0.31 0.3 0.29 0.32 0.31 0.32 0.31 0.35 0.3 0.3 
9_0.31 0.3 0.35 0.34 0.35 0.33 0.33 0.35 0.32 0.32 0.35 0.35 0.33 0.32 0.34 
10_0.34 0.35 0.34 
11_0.24 0.24 0.25 0.25 0.23 0.24 0.23 0.23 0.25 0.25 0.23 
12_0.29 0.32 0.29 0.33 0.33 0.32 0.3 0.3 0.32 0.32 0.33 0.32 0.33 0.34 0.34 0.32 0.33 0.35 0.28 0.31 0.32 0.3 0.34 0.3 0.32 0.32 0.34 0.33 0.32 0.34 0.33 0.32 0.33 0.33 0.33 0.31 
13_0.29 0.3 0.31 0.31 0.31 0.31 0.32 0.33 0.29 0.32 0.33 0.32 0.33 0.33 0.34 0.33 0.33 0.34 0.33 0.33 0.34 0.33 0.33 0.33 0.33 0.34 0.3 
14_0.33 0.24 0.27 0.25 0.24 0.25 0.27 0.25 0.26 0.25 0.25 0.26 0.26 0.22 0.27 0.26 0.25 0.24 0.27 0.26 0.26 0.24 0.22 0.25 0.26 0.24 0.3 0.27 0.28 0.28 0.27 0.27 0.27 0.24 0.26 0.25 0.21 0.26 
15_0.31 0.33 0.31 0.3 0.31 0.32 0.3 0.29 0.3 0.29 0.29 0.28 0.31 0.3 0.3 0.32 0.29 0.32 0.27 0.28 0.29 0.27 0.3 0.31 0.29 0.29 0.29 0.3 0.27 0.3 0.28 0.29 0.27 0.29 0.28 0.28 0.28 0.3 0.29 
16_0.34 0.32 
17_0.31 0.32 0.29 0.35 0.3 0.31 0.29 0.29 0.28 0.29 0.28 0.3 0.28 0.29 0.31 0.3 0.3 0.31 0.31 0.3 0.12 0.29 0.31 0.29 0.29 0.3 0.27 0.29 0.29 0.28 0.26 0.27 0.28 0.27 0.28 0.29 0.27 0.28 0.28 0.27 0.29 
18_0.07 0.05 0.03 0.04 0.03 0.04 0.08 0.05 0.06 0.05 0.03 0.04 0.05 0.08 0.07 0.02 0.04 0.05 0.07 0.05 0.07 0.08 0.13 0.05 0.08 0.07 0.06 0.07 0.08 0.07 0.07 0.06 0.09 0.06 
19_0.33 0.35 
20_0.32 0.35 0.33 0.34 0.31 0.31 0.31 0.35 0.32 0.3 0.3 0.34 0.32 0.31 0.31 0.34 0.34 0.31 0.34 0.35 0.32 0.32 0.34 0.34 0.34 
21_0.34 0.34 0.35 0.34 
22_0.23 0.23 0.28 0.33 0.25 0.3 0.34 0.29 0.29 0.27 0.31 0.33 0.32 0.34 0.35 
23_0.31 0.28 0.23 0.27 0.31 0.26 0.28 0.27 0.29 0.29 0.31 0.28 0.3 0.24 0.29 0.27 0.3 0.29 0.26 0.3 0.32 0.28 0.28 0.25 
24_0.32 0.32 0.32 0.32 0.3 0.28 0.29 0.3 0.28 0.28 0.29 0.26 0.28 0.29 0.24 0.29 0.25 0.3 0.26 0.27 0.26 0.26 0.27 0.27 0.24 0.26 0.27 0.25 0.27 0.26 0.24 0.28 0.27 0.26 0.23 0.23 0.25 0.26 0.25 
25_ 
26_0.3 0.31 0.26 0.2 0.17 0.26 0.26 0.27 0.26 0.18 0.18 0.16 0.22 0.26 0.24 0.26 0.26 0.26 0.26 0.18 0.17 0.18 0.18 0.17 0.12 0.19 0.27 0.26 0.19 0.24 0.17 0.23 0.22 0.23 0.23 0.19 0.19 
27_0.23 0.27 0.27 0.27 0.28 0.28 0.26 0.24 0.23 0.25 0.23 0.25 0.24 0.26 0.23 0.27 0.22 0.22 0.23 0.28 0.28 0.28 0.26 0.27 0.27 0.25 0.24 0.29 0.22 0.25 0.25 0.23 0.25 0.26 0.26 0.24 0.24 0.23 0.26 
28_0.3 0.33 0.32 0.33 0.32 0.33 0.33 0.33 0.32 0.33 0.33 0.34 
29_0.28 0.23 0.24 0.3 0.27 0.21 0.18 0.23 0.22 0.23 0.23 0.24 0.18 0.21 0.22 0.24 0.23 0.2 0.21 0.2 0.2 0.23 0.22 0.21 0.23 0.22 0.2 0.2 0.24 
30_0.17 0.33 0.33 0.32 0.32 0.33 0.32 0.3 0.35 0.32 0.31 0.33 0.33 0.34 0.33 0.34 0.32 0.32 0.31 0.35 0.33 0.31 0.34 0.34 0.31 0.33 0.35 0.34 0.35 0.34 0.34 0.34 0.35 0.34 0.32 0.33 0.34 0.34 
31_0.31 0.29 0.32 0.32 0.28 0.3 0.29 0.31 0.32 0.28 0.28 0.27 0.28 0.27 0.29 0.23 0.28 0.31 0.27 0.31 0.3 0.31 0.26 0.29 0.28 0.29 0.3 0.35 0.28 0.22 0.25 0.28 0.29 0.28 0.29 
32_0.25 0.27 0.28 0.25 0.24 0.27 0.27 0.25 0.26 0.26 0.24 0.23 0.24 0.22 0.25 0.26 0.26 0.24 0.25 0.26 0.27 0.24 0.26 0.24 0.24 0.24 0.25 0.26 0.26 0.27 0.26 0.25 0.26 0.25 0.28 0.28 0.27 0.25 0.28 0.25 
33_0.33 0.31 0.31 0.29 0.29 0.28 0.27 0.29 0.25 0.27 0.27 0.27 0.29 0.27 0.27 0.24 0.26 0.26 0.27 0.27 0.26 0.25 0.26 0.25 0.28 0.25 0.26 0.22 0.28 0.26 0.27 0.26 0.29 0.26 0.26 0.24 0.27 0.22 0.25 0.26 
34_0.34 0.31 0.32 0.32 0.33 0.32 0.31 0.31 0.3 0.3 0.29 0.32 0.31 0.32 0.31 0.33 0.3 0.28 0.3 0.3 0.27 0.29 0.3 0.34 0.31 0.3 0.28 0.28 0.3 0.29 0.32 0.33 0.3 0.3 0.3 0.31 0.31 0.33 
35_0.34 0.02 0.34 0.05 0.33 0.04 0.35 0.03 
36_0.02 
37_0.26 0.3 0.32 0.31 0.29 0.35 0.3 0.27 0.28 0.28 0.32 0.29 0.3 0.27 0.32 0.29 0.32 0.34 0.31 0.29 0.31 0.31 0.33 0.29 0.3 0.29 0.31 0.3 0.3 0.31 0.31 0.29 0.29 0.33 0.31 0.33 0.31 0.32 0.3 
38_0.29 0.34 0.32 0.29 0.33 0.32 0.32 0.32 0.3 0.32 0.3 0.28 0.31 0.3 0.27 0.28 0.27 0.29 0.25 0.27 0.29 0.3 0.29 0.25 0.27 0.29 0.29 0.27 0.29 0.27 0.25 0.27 0.27 0.28 0.3 0.29 0.34 0.29 
39_0.33 
40_0.28 
41_0.32 0.28 0.34 0.3 0.29 0.31 0.32 0.31 0.33 0.33 0.35 0.32 0.31 0.33 0.32 0.35 0.35 0.27 0.32 0.34 0.31 0.3 0.34 0.33 0.31 
42_0.33 0.32 0.34 0.33 0.33 0.31 0.31 
43_0.33 
44_0.28 0.31 0.29 0.32 0.3 0.3 0.3 0.3 0.28 0.28 0.27 0.26 0.29 0.27 0.26 0.29 0.29 0.27 0.26 0.27 0.25 0.26 0.25 0.25 0.26 0.28 0.28 0.29 0.23 0.27 0.35 0.26 0.33 0.25 0.29 0.27 0.28 0.27 0.28 
45_0.33 0.27 0.28 0.3 0.29 0.31 0.28 0.3 0.28 0.31 0.31 0.31 0.32 0.3 0.3 0.33 0.31 0.31 0.3 0.32 0.29 0.3 0.3 0.3 0.29 0.32 0.31 0.31 0.33 0.35 0.32 0.31 0.32 0.3 0.29 0.31 0.3 0.34 
46_ 
47_0.26 0.33 0.34 0.33 0.34 0.34 
48_0.13 0.12 0.13 0.15 0.11 0.08 0.14 0.14 0.12 0.12 0.17 0.16 0.12 0.11 0.13 0.12 0.13 0.13 0.13 0.13 0.12 0.11 0.13 0.13 0.15 0.12 0.12 0.13 0.18 0.15 0.14 0.15 0.13 0.13 0.14 0.1 0.08 0.11 0.14 0.12 
49_0.05 0.24 0.23 0.29 0.26 0.27 0.28 0.28 0.22 0.27 0.27 0.29 0.29 0.31 0.3 0.28 0.29 0.28 0.27 0.25 0.27 0.3 
50_0.29 0.32 0.34 0.31 0.29 0.29 0.31 0.28 0.29 0.29 0.32 0.27 0.29 0.27 0.27 0.27 0.3 0.28 0.3 0.27 0.27 0.26 0.22 0.25 0.3 0.28 0.27 0.25 0.3 0.24 0.28 0.24 0.27 0.23 0.19 0.22 0.25 0.23 0.25 0.22 
51_0.29 0.12 0.3 0.11 0.25 0.17 0.23 0.1 0.28 0.12 0.28 0.09 0.28 0.1 0.28 
52_0.31 0.31 0.32 0.33 0.34 
53_0.08 0.26 0.29 0.31 0.31 0.29 0.29 0.29 0.28 0.26 0.29 0.31 0.28 0.3 0.25 0.3 0.29 0.31 0.28 0.26 0.31 0.31 0.28 0.3 0.28 0.28 0.34 0.3 0.28 0.29 0.28 0.29 0.29 0.31 0.26 0.25 0.26 0.27 0.28 0.32 
54_0.28 0.03 0.3 0.29 0.27 0.3 0.27 0.28 0.27 0.29 0.31 0.29 0.29 0.28 0.28 0.27 0.33 0.31 0.29 0.31 0.31 0.29 0.28 0.3 0.3 0.3 0.28 0.31 0.31 0.3 0.31 0.29 0.32 0.29 0.26 0.26 0.28 0.32 0.29 0.27 0.28 
55_0.34 0.34 
56_0.03 0.31 0.33 0.31 0.31 0.29 0.32 0.27 0.3 0.28 0.3 0.31 0.3 0.28 0.26 0.29 0.26 0.28 0.3 0.29 0.28 0.26 0.28 0.28 0.27 0.29 0.28 0.27 0.26 0.3 0.28 0.26 0.25 0.28 0.29 0.29 0.28 0.29 0.29 0.28 
57_0.25 0.3 0.33 0.3 0.28 0.32 0.32 0.3 0.3 0.3 0.32 0.33 0.32 0.3 0.34 0.32 0.33 0.32 0.32 0.33 0.32 0.29 0.31 0.31 0.28 0.32 0.32 0.31 0.29 0.33 0.09 0.31 0.32 0.28 0.32 0.32 0.31 
58_0.3 0.28 0.3 0.29 0.31 0.25 0.3 0.3 0.24 0.3 0.31 0.31 0.3 0.28 0.29 0.28 0.29 0.29 0.27 0.3 0.28 0.17 0.26 0.28 0.27 0.28 0.28 
59_0.33 0.34 
60_0.23 0.33 0.31 0.32 0.3 0.27 0.34 0.35 0.28 0.34 0.34 0.29 0.31 0.31 0.29 0.26 0.33 0.34 0.3 0.3 0.33 0.31 0.33 0.3 0.29 0.28 0.34 0.3 0.28 0.35 0.15 0.3 0.35 0.29 0.34 
61_0.21 0.31 0.27 0.3 0.32 0.31 0.32 0.32 0.32 0.29 0.29 0.31 0.31 0.31 0.31 0.32 0.3 0.28 0.31 0.32 0.29 0.29 0.31 0.29 0.28 0.27 0.29 0.29 0.29 0.29 0.25 0.25 0.28 0.29 0.3 0.27 0.27 0.25 0.26 0.28 
62_0.22 0.29 0.29 0.27 0.28 0.31 0.33 0.28 0.32 0.31 0.32 0.3 0.3 0.27 0.32 0.33 0.29 0.29 0.31 0.3 0.31 0.31 0.32 0.32 0.32 0.3 0.3 0.32 0.32 0.35 0.26 0.31 0.31 0.27 0.32 0.32 0.32 0.3 0.34 0.31 
63_0.29 0.29 0.28 0.23 0.24 0.28 0.3 0.35 0.23 0.21 0.32 0.3 0.32 0.31 0.28 0.32 0.29 0.33 0.25 0.21 0.28 0.25 0.33 0.3 0.3 0.3 0.31 0.33 0.32 0.29 0.32 0.33 0.3 0.28 0.32 0.28 
64_0.24 0.31 0.3 0.29 0.32 0.31 0.29 0.28 0.29 0.3 0.32 
65_0.34 0.32 0.31 0.32 0.33 0.33 0.33 0.33 0.31 0.34 0.35 0.33 0.33 0.34 0.32 0.31 0.34 0.3 0.32 0.34 0.33 0.34 0.34 0.33 0.31 0.33 0.34 0.35 0.32 0.34 
66_0.33 0.32 0.32 0.28 0.26 0.32 0.33 0.25 0.14 0.3 0.14 0.04 0.12 0.29 0.31 0.25 0.23 
67_0.34 0.35 0.33 
68_0.28 0.28 0.27 0.25 0.24 0.23 0.24 0.25 0.25 0.22 0.26 0.29 0.28 0.28 0.24 0.25 0.28 0.25 0.29 0.24 0.24 0.26 0.26 0.28 0.26 0.27 0.26 0.25 0.25 0.28 0.27 0.25 0.25 0.25 0.23 0.26 0.25 0.25 0.23 
69_ 
70_0.24 0.22 0.26 0.28 0.23 0.27 0.29 0.28 0.3 0.34 0.31 0.26 0.22 0.27 0.22 0.25 0.3 0.31 0.24 0.01 0.03 0.27 0.27 0.25 0.33 0.32 0.3 0.29 0.3 0.3 0.29 0.31 0.28 0.3 0.29 0.3 0.27 0.27 
71_0.09 0.06 0.33 0.33 
72_0.32 0.34 0.32 0.34 0.35 0.35 0.34 0.31 0.3 0.35 0.33 0.32 0.33 0.34 0.35 0.32 0.33 0.29 0.29 0.31 0.29 0.32 0.33 0.32 0.3 0.31 0.33 0.33 0.34 0.35 0.34 0.31 0.25 0.3 0.31 0.29 0.32 0.31 0.27 
