2019/5/22_1233194515_-0.11 0.07
2019/5/22_1144095442_0.09 -0.07 0.07 -0.09 0.11 -0.03 0.11 -0.2 -0.08 0.09 -0.07 0.11 -0.08 0.08 -0.09 0.11 -0.08 0.05 -0.07 0.11 -0.11 0.08 -0.07 0.1 -0.11 0.08 -0.09 0.11
2019/5/22_1061814443_
2019/5/22_1018506016_-0.07 0.09 -0.1 0.04 -0.1 0.08 -0.09 0.07 -0.11 0.11 -0.1 0.05 -0.11 0.06 0.18 -0.1 0.05 -0.1 0.07 -0.11 0.06
2019/5/22_1006096824_-0.01 0.12 -0.03 0.08 -0.06 0.1 -0.07 -0.07 0.11 -0.08 0.09 -0.04 0.09 -0.1 0.09 -0.07 0.11 -0.08 0.07 -0.02 0.1 -0.07 0.13 -0.11 0.12
2019/5/22_1144098582_
2019/5/22_1234189967_-0.03 0.12 -0.08 0.11 -0.04 0.12 -0.06 0.1 -0.01
2019/5/28_1234189967_-0.04 0.12 -0.14 0.03 0.19 -0.12 0.06 -0.08 0.09 -0.15 -0.12 0.1 -0.1 0.02 -0.06 -0.07 0.11
2019/5/28_1144096418_0.19 -0.15 0.04 0.2 -0.19 0.02 -0.17 0.02 -0.19 -0.02 0.18 -0.19 0.01 -0.16 -0.01 -0.15 0.03 -0.16 -0.01 0.19 -0.17 0.01 -0.16 0.02 -0.15 0.02 -0.14 0.03 -0.16 0.05
2019/5/28_1018506016_-0.09 0.08 -0.13 0.04 -0.1 0.04 -0.16 0.03 -0.12 -0.0 -0.12 0.02 -0.11 0.07 -0.13 0.03 -0.11 0.12 -0.2 0.01 -0.12 0.05
2019/5/28_1144084318_0.03 -0.17 0.03 0.18 -0.15 0.01 -0.16 0.05 0.2 -0.15 0.05 0.19 -0.19 0.04
2019/5/28_1143875321_
2019/5/28_1144038845_-0.07 0.17 -0.19 -0.0 0.19 -0.19 -0.07 0.16 -0.19 0.01 0.19 -0.04 0.16 -0.01 0.18 -0.01 0.17 -0.03
2019/6/5_1018506016_-0.01 0.19 -0.17 -0.02 0.19 -0.14 -0.02 0.18 -0.16 0.01 0.13 -0.0 -0.17 0.01 0.18 -0.19 -0.01 0.19 -0.16 0.03 0.18 -0.18 -0.03 -0.16 0.01 0.13 -0.2 -0.02 0.17 -0.17 0.01 0.17 -0.15 0.04
2019/6/5_1144095442_-0.1 0.04 0.04 -0.12 0.06 -0.15 0.02 -0.12 0.03 -0.14 0.04 -0.15 0.03 -0.16 -0.0 0.2 -0.15 0.05 -0.13 -0.01 -0.06 0.03 -0.17 0.04 -0.12 0.04
2019/6/5_1107514113_-0.16 -0.04 0.12 -0.05 0.12 -0.06 0.12 -0.08 0.11 -0.05 0.11 -0.07 0.13 -0.07 0.1 -0.1 0.09 -0.06 0.11 -0.08 0.11 -0.06 0.11 -0.09 0.11 -0.06 0.12
2019/6/5_1107511760_-0.15 -0.02 0.14 -0.02 0.12 -0.03 0.13 -0.02 0.12 -0.02 0.15 -0.02 0.16 -0.02 0.16 -0.2 -0.03 0.13 -0.03 0.15 -0.02 0.13 -0.02 0.15 -0.06 0.13 -0.02 0.1
2019/6/5_1112970200_-0.05 0.09 -0.08 0.07 -0.05 0.15 -0.16 -0.07 0.04 -0.03 0.1 -0.04 0.13 0.01 0.14 -0.02 0.14 0.15 -0.06 0.17 -0.03 0.13 -0.02 0.11 0.19 0.16
2019/6/6_1107511760_-0.13 0.02 0.16 -0.17 0.03 0.16 -0.2 0.02 0.19 -0.17 -0.01 0.15 0.01 0.15 -0.19 -0.02 0.16 -0.01 0.17 -0.15 -0.05 0.17 -0.19 0.04 0.14 0.16 -0.19 0.03 0.17 0.05 0.0 0.17 -0.15 0.0 0.17
2019/6/6_1018506016_-0.07 0.08 -0.08 0.13 -0.1 0.06 -0.09 0.07 -0.08 0.1 -0.1 0.07 -0.12 0.07 -0.1 0.08 -0.12 0.07 -0.09 0.09 -0.07 0.07 -0.12 0.06 -0.08 0.08
2019/6/6_1107514113_
2019/6/6_1144095442_0.03 0.17 -0.02 0.16 -0.05 0.14 -0.2 -0.03 0.12 -0.04 0.11 -0.03 0.08 -0.1 0.14 -0.03 0.17 0.12 -0.03 -0.07 0.13 0.15
2019/6/6_1112970200_-0.12 0.09 -0.15 0.07 -0.18 0.03 0.14 -0.17 -0.04 0.17 -0.14 0.09 -0.09 0.06 0.18 -0.19 0.08 -0.03 0.17 -0.14 0.07 0.17 -0.19 0.01 0.19 -0.18 0.02 -0.18 0.03 0.19 -0.16 0.03
