2019/5/22_1233194515_0.31 0.32 0.29 0.35 0.3 0.31 0.29 0.29 0.28 0.29 0.28 0.3 0.28 0.29 0.31 0.3 0.3 0.31 0.31 0.3 0.12 0.29 0.31 0.29 0.29 0.3 0.27 0.29 0.29 0.28 0.26 0.27 0.28 0.27 0.28 0.29 0.27 0.28 0.28 0.27 0.29 
2019/5/22_1144095442_0.02 0.34 0.32 0.34 0.33 0.34 0.33 0.34 0.34 0.35 
2019/5/22_1018506016_0.07 0.05 0.03 0.04 0.03 0.04 0.08 0.05 0.06 0.05 0.03 0.04 0.05 0.08 0.07 0.02 0.04 0.05 0.07 0.05 0.07 0.08 0.13 0.05 0.08 0.07 0.06 0.07 0.08 0.07 0.07 0.06 0.09 0.06 
2019/5/22_1006096824_0.34 0.32 
2019/5/22_1144098582_0.03 0.16 0.34 0.3 0.29 0.34 0.34 0.33 0.32 0.34 0.33 0.33 0.31 0.34 0.29 0.34 0.28 0.31 0.34 0.32 0.34 0.31 0.32 0.3 0.35 0.3 0.33 0.34 0.33 0.3 0.34 0.31 0.3 0.29 0.32 0.31 0.32 0.31 0.35 0.3 0.3 
2019/5/22_1234189967_0.34 0.35 0.34 
2019/5/28_1234189967_0.33 0.35 
2019/5/28_1144096418_0.25 0.27 0.28 0.25 0.24 0.27 0.27 0.25 0.26 0.26 0.24 0.23 0.24 0.22 0.25 0.26 0.26 0.24 0.25 0.26 0.27 0.24 0.26 0.24 0.24 0.24 0.25 0.26 0.26 0.27 0.26 0.25 0.26 0.25 0.28 0.28 0.27 0.25 0.28 0.25 
2019/5/28_1018506016_0.31 0.29 0.32 0.32 0.28 0.3 0.29 0.31 0.32 0.28 0.28 0.27 0.28 0.27 0.29 0.23 0.28 0.31 0.27 0.31 0.3 0.31 0.26 0.29 0.28 0.29 0.3 0.35 0.28 0.22 0.25 0.28 0.29 0.28 0.29 
2019/5/28_1144084318_0.31 0.28 0.23 0.27 0.31 0.26 0.28 0.27 0.29 0.29 0.31 0.28 0.3 0.24 0.29 0.27 0.3 0.29 0.26 0.3 0.32 0.28 0.28 0.25 
2019/5/28_1143875321_0.17 0.33 0.33 0.32 0.32 0.33 0.32 0.3 0.35 0.32 0.31 0.33 0.33 0.34 0.33 0.34 0.32 0.32 0.31 0.35 0.33 0.31 0.34 0.34 0.31 0.33 0.35 0.34 0.35 0.34 0.34 0.34 0.35 0.34 0.32 0.33 0.34 0.34 
2019/5/28_1144038845_0.28 0.23 0.24 0.3 0.27 0.21 0.18 0.23 0.22 0.23 0.23 0.24 0.18 0.21 0.22 0.24 0.23 0.2 0.21 0.2 0.2 0.23 0.22 0.21 0.23 0.22 0.2 0.2 0.24 
2019/6/5_1018506016_0.13 0.12 0.13 0.15 0.11 0.08 0.14 0.14 0.12 0.12 0.17 0.16 0.12 0.11 0.13 0.12 0.13 0.13 0.13 0.13 0.12 0.11 0.13 0.13 0.15 0.12 0.12 0.13 0.18 0.15 0.14 0.15 0.13 0.13 0.14 0.1 0.08 0.11 0.14 0.12 
2019/6/5_1144095442_0.28 0.31 0.29 0.32 0.3 0.3 0.3 0.3 0.28 0.28 0.27 0.26 0.29 0.27 0.26 0.29 0.29 0.27 0.26 0.27 0.25 0.26 0.25 0.25 0.26 0.28 0.28 0.29 0.23 0.27 0.35 0.26 0.33 0.25 0.29 0.27 0.28 0.27 0.28 
2019/6/5_1107514113_0.28 
2019/6/5_1107511760_0.26 0.33 0.34 0.33 0.34 0.34 
2019/6/5_1112970200_ 
2019/6/6_1107511760_0.25 0.3 0.33 0.3 0.28 0.32 0.32 0.3 0.3 0.3 0.32 0.33 0.32 0.3 0.34 0.32 0.33 0.32 0.32 0.33 0.32 0.29 0.31 0.31 0.28 0.32 0.32 0.31 0.29 0.33 0.09 0.31 0.32 0.28 0.32 0.32 0.31 
2019/6/6_1018506016_0.32 0.34 0.32 0.34 0.35 0.35 0.34 0.31 0.3 0.35 0.33 0.32 0.33 0.34 0.35 0.32 0.33 0.29 0.29 0.31 0.29 0.32 0.33 0.32 0.3 0.31 0.33 0.33 0.34 0.35 0.34 0.31 0.25 0.3 0.31 0.29 0.32 0.31 0.27 
2019/6/6_1107514113_ 
2019/6/6_1144095442_0.09 0.06 0.33 0.33 
2019/6/6_1112970200_0.24 0.22 0.26 0.28 0.23 0.27 0.29 0.28 0.3 0.34 0.31 0.26 0.22 0.27 0.22 0.25 0.3 0.31 0.24 0.01 0.03 0.27 0.27 0.25 0.33 0.32 0.3 0.29 0.3 0.3 0.29 0.31 0.28 0.3 0.29 0.3 0.27 0.27 
