3.161776202925793
4.186424210069254
5.40401615670971
6.325539978783258
7.400145758873812
8.431837245007697
9.500636955725643
10.56326762028125
11.60239971931311
12.665633949424617
13.750303728369936
14.766792044584676
15.835118481663566
16.86164423243808
17.944649205050005
19.002776059999363
20.038007539912734
21.031272218724823
22.039667657350417
23.048029198069152
24.09436662584235
25.110347578200148
26.144572631438955
27.1562157482205
28.161922689355862
29.17849393369737
30.186027181409084
31.221379919492712
32.239983067225786
33.23151906944512
34.26556334265058
35.26503877254171
36.286326473343614
37.30363500707884
38.31089487270509
39.31352806774332
40.33991877868749
41.36050172099685
42.38307536146792
43.39883011905746
44.41368120403971
45.43444784171596
46.46342371783372
47.53481623402039
48.615411637257715
49.65090765991988
50.715575136800894
51.809980316775
52.88245014347742
53.896376120251205
54.93411684541992
56.03544855690824
57.09396414385484
58.18319367897828
59.26888480742627
60.35432957422387
61.38521838937113
62.468682006486574
63.524214221056134
64.59668786805817
65.65945577996642
66.66752770110826
67.72534260828564
68.82816263725739
69.86858873190656
70.87780275293065
71.92359657996553
72.96519055271287
73.9843050821303
75.00390326302791
76.02485241768876
77.02374396504486
78.06596149519692
79.05023349006714
80.05739698128635
81.09083597563102
82.08074658991445
83.12793321661192
84.15483422095271
85.17212757998178
86.18320565545491
87.17676748979173
88.2080258964819
89.23508374474764
90.24323477481616
91.30287582813966
92.30199133078085
93.33198426465736
94.34177157854845
95.3669553188865
96.38376455692563
97.38722488548646
98.42196017255652
99.43735055087568
100.5044571945425
101.5119801220622
102.5444249521995
103.50656587356772
104.57889829424397
105.63244439418948
106.63584913011269
107.6396221079252
108.6592657331662
109.72087014873364
110.77812851061887
111.85797282550745
112.87372988332419
113.93220681047015
114.99486961267263
116.05372243541669
117.12154204114685
118.16648259663305
119.22495740801813
120.23333849843985
121.20282859035241
122.30702596393428
123.3327585401307
124.31495073450975
125.36516159434238
126.36139760585908
127.350269113993
128.3690014050045
129.41695570895132
130.39727369648298
131.40810651751542
132.39405207107694
133.41472718159667
134.44558533666242
135.44927727531822
136.45326653982517
137.46205614017808
138.47883235101983
139.6292090763962
140.49495087657857
141.4985515690671
142.5222211542448
143.55202673513605
144.62071035417515
145.6341367838227
146.67868246345466
147.74139334489337
148.79625676587264
149.85252004346273
150.93547370937708
151.97314251262202
153.03399083134138
154.06084581748632
155.12372809424375
156.20341766087492
157.21988795383393
158.28255902933762
159.34204244531404
160.37332537471957
161.4399910302082
162.45665731759942
163.48618116367848
164.49208301759649
165.5469974753774
166.55788169166777
167.54044999659249
168.6278696807929
169.58814626425178
170.80321643993358
171.69168170616845
172.72881724294126
173.73678915355467
174.71110840169337
175.71425146973252
176.7546529065354
177.7574422979161
178.77053017948683
179.76886849203657
180.80258638438306
181.82783551812042
182.8611916206938
183.9164155933649
184.94301094143617
186.0279237061962
187.06128907394134
188.0916811385958
189.15735813272124
190.2204408718115
191.2538423641718
192.31127445358823
193.33999906151513
194.3959203128112
195.45823377366372
196.5223746492549
197.5529408452703
198.62022688218266
199.6823259182862
206.85989459604727
207.87154200877922
208.8726224310505
209.88390261737874
210.9064512881518
211.93954491577233
212.93322339361765
213.9594446456482
214.98304932327358
215.9720146100182
