4.572571098133427
5.255452153863876
5.985783115951516
6.688719700551549
7.418507922508879
8.127207109653792
8.84662202270484
8.999553858205429
9.529258929801234
10.274539846571999
11.027529913484994
11.69022549672269
12.395997065635157
13.148284055524543
13.846256414382147
14.557281928411289
15.241274658779925
15.925026938586367
16.596717659945174
17.315014962174462
18.079801443291707
18.88149825920594
19.605478865225308
20.329205782926845
21.03295054537965
21.743388257221504
22.43281657507415
23.156491037373435
23.614498993182796
24.494680440986336
25.217062470450458
25.943523563403524
26.601515009730598
27.28787169337513
27.986330826873846
28.679588381946978
29.361836759303742
30.069643030629905
30.73589990898157
31.426020335131028
32.11819404763661
32.81571011866791
33.52135927334599
34.17894622968743
34.87343692289421
35.54808209750503
36.02356064510879
36.93058897067614
37.652876418719856
38.35403272731126
39.02439558885369
39.71111435417062
40.40290409581252
41.101031435280305
41.724396278028124
42.3705058851498
43.09345740724506
43.80236059029729
44.24272223683022
44.932977105991746
45.83587545783368
46.5661361678839
47.239887377965694
47.932673480135364
48.617657072792355
49.31571125191621
50.03264182061575
50.68417714057939
51.336832028754316
52.06466356205739
52.71343439538862
53.438808978054524
54.12329825118926
54.83656032877128
55.502630723407265
56.29238509114418
57.00398024302207
57.59388029679179
58.287960555319714
59.03291892783301
59.72740740500432
60.43990419490828
61.18963728537919
61.89231452568812
