4.49860515867213
5.019483440382165
5.559359021703925
6.112500903144772
6.622093891228967
7.144579166434136
7.701209335162051
8.252971256891414
8.788543508289976
9.302489828822889
9.861595681527412
10.325333313605359
10.83466238409008
11.351405628306964
11.875481982843112
12.385955016234618
12.991691668696449
13.425521183174977
14.020996328551707
14.472205925814455
14.975072783561949
15.487507622414114
16.016952815965027
16.532915615989367
17.05698708659682
17.56515608927807
18.115907269675787
18.637812857632383
19.157998469266133
19.633384704627126
20.178339812028078
20.6639450535704
21.174417662890267
21.69278591098908
22.20255738578497
22.703489448107046
23.21261330020179
23.715810292789698
24.22147541537752
24.728239619678654
25.208991301394228
25.718475153956216
26.255675467456758
26.75349379373528
27.246622919258225
27.752008020825382
28.27317464293015
28.780512823009946
29.283268530400544
29.889104613557784
30.363821109035428
30.84919963471507
31.404392244701455
31.856779522699092
32.42616845482095
32.88478332806526
33.37832748496636
33.885397685856475
34.42106573874797
34.99774966963277
35.42714985697478
35.94443410791796
36.43530380816516
36.932927752658856
37.48242965723177
37.927254610548474
38.559950757045804
38.97228779671858
39.488588442971256
39.98171066839517
40.57891714481544
41.0489572650059
41.64931483917678
42.070099115344
42.668982695841834
43.117503113018074
43.714675111772316
44.15328292374318
44.68658656071236
45.202418218323885
45.69258523806583
46.18411987586642
46.71358871115291
47.246475210710486
47.76627583971559
48.32805518490588
48.76382917507175
49.33852753556437
49.88408926619492
50.341531963439984
50.905325684871926
51.42711022273173
52.0335942650197
52.479504567051634
52.9773602433947
53.5627939802069
54.0273315191192
54.55909026294597
55.11515842609101
55.66128721289787
56.28134319537905
56.690325980935484
57.209391805884074
57.71855061610873
58.23447938668237
58.737972307123606
59.2991344549422
59.85200964287275
60.406263339291286
60.88367220682685
61.399563061737666
61.894966193728514
62.452030365053645
62.951629843715565
63.48987315479737
63.985230809216894
64.53082324533698
65.05926683519823
65.5547616709365
66.08161431726346
66.6451962853436
67.14865718123386
67.70519972931336
68.21910380965808
68.7735475985251
69.28774975759598
69.80221361470018
70.27927623873916
70.8353181871573
71.34539271287112
71.87876140473992
72.39660070550137
72.9351193902163
73.45433764691965
73.99347166370637
74.49605308768695
75.01394295151572
75.54387642255833
76.07600124886889
76.600980363382
77.19254375177539
77.6441081488922
78.16349234548775
78.68628831582586
79.21989475806338
79.74467573960266
80.26280625323139
80.75496404965521
81.28453062730014
81.84107984924003
82.37116925369739
82.88842908033347
83.4255948616877
83.92576827310128
84.42404886048276
84.93360653211178
85.46106085295128
85.98411644975968
86.53570110346634
87.1096831245651
87.61019369409041
88.08850017183413
88.67909812544757
89.14390714299108
89.75762287781569
90.17537791236226
90.68679481592491
91.2105592045568
91.72463532089206
92.24978540388472
92.74615680559754
93.26736020573027
93.79908075197207
94.29633714861606
94.78202531248142
95.2727725835393
95.78510822749594
96.29249890980873
96.79859984564806
97.32604747021239
97.91709142224279
98.37171284925964
98.8837763860076
99.37449116443474
99.87978352413057
100.36677180705304
100.91778664743438
101.3820928627712
101.91122880339775
102.42285641584257
103.04715256377025
103.47607668744001
103.96991271615803
104.48680858323421
105.07883816032849
105.52768568137873
106.0701688133595
106.57988261260493
107.035206114185
107.56056842032234
107.99295894811141
108.56234394179138
109.03825360585738
109.55471896637985
110.05792605557676
110.55464082833001
111.07666143146517
111.60726075881117
112.10425531725241
112.60056523318468
113.13187414947714
113.64959272900911
114.16737867008376
114.68576506279459
115.19472617487455
115.75300827460634
116.20069158395671
116.71794394419194
117.2200856304002
117.73588665066684
118.23729105404847
118.73228160649437
119.2618410677184
119.76365084843178
120.27134216483798
120.77459094857753
121.27755264657401
121.79409317674376
122.29588072126941
122.81328513820253
123.299769559272
123.81401961753937
124.32035157296698
124.82227105100486
125.3319803113115
125.85201117777964
126.33848886050941
126.85000980599484
127.41351252623951
127.85728195791688
128.41766229839402
128.9361116736636
129.39843066642973
129.89970304461417
130.3932831418019
130.90170391282564
131.42301317443741
131.92283027999588
132.42628356155848
132.9205726876915
133.41915293700097
133.93775037607867
134.51447107706724
134.95117285169314
135.4647893845897
135.9704077219372
136.46595786372774
136.96703760988595
137.4734809513409
137.96877161736683
138.48451758522006
138.9831365990783
139.4741752519447
139.98490771906262
140.47442297214963
141.00365819938435
141.56042427414647
142.0056727016198
142.50019856230017
142.99970114480124
143.53149427216178
144.03630718684428
144.60248789082246
145.0536669089993
145.50495900422638
146.03145961933194
146.53984940944244
147.03382655506212
147.56629825924978
148.0684508481894
148.5836127656591
149.10320771448193
149.7014194492228
150.1434235957169
150.65541041928753
151.18982654065326
151.77718411143368
152.30943915876625
152.7596284958703
153.30548895762558
153.75759497164756
154.34626397595173
154.76558762757713
155.27190257896865
155.79641107705714
156.3902239715883
156.9088541296773
157.36372529179084
157.8730768624696
158.39258672856016
158.95577774747233
159.46314631848998
159.98785243495973
160.49529445303273
161.02114285530126
161.54825166301572
162.0439918659808
162.56887317222788
163.1082771629826
163.59590243241664
164.13931499908284
164.64412601729458
165.1740889815813
165.69064172602705
166.19221100468553
166.70738679337973
167.298582198803
167.82629297098083
168.25662471909118
168.85546625387295
169.31031913106557
169.83740292663578
170.33993748118826
170.858052915231
171.37045511047938
171.88176433534628
172.40323315493677
172.89509748598044
173.4084986320666
173.9280992558031
174.53089765677566
174.98072900814913
175.5798624725736
176.0075766620532
176.52293199764256
177.05802646198137
177.59030118852917
178.10743956912373
178.62133600703754
179.07728846892812
179.66864054072425
180.15996137985968
180.70218902019332
181.2179872795395
181.70796441237366
182.2328761469301
182.73489287162883
183.2630762835782
183.84188775065144
184.34716810760904
184.77185148352345
185.34439563609456
185.87791870336153
186.31782862266562
186.90026303370684
187.37148336928774
187.8832197704941
188.45830941483814
188.96108739794565
189.41629540658883
189.95525327894492
190.56259457572722
190.94913329491098
191.47550620494786
192.0174032622197
192.52939755650965
193.03363982612885
193.55908463374192
194.07095224522334
194.5713271999764
195.07542588593222
195.58853242618375
196.16333880149222
196.6263610579902
197.210110121315
197.64506915153632
198.17861718493793
198.63192029418215
199.1696335303093
199.79034283616042
200.2154640882364
200.67873753161882
201.22087506664246
201.80764157585713
202.30269836972104
202.75691967670926
203.22529824063253
203.74556448448078
204.3165512646596
204.74148376638558
205.20529018568288
205.716920452171
206.23663857144237
206.8155856754163
207.31034648476464
207.8184675889855
208.311674274871
208.74091895917925
209.22124136562914
209.7427234008406
210.30794166257522
210.76184540642856
211.26155669662455
211.75459256911574
212.30268537716483
212.7479255367571
213.22335629109728
213.7343902286826
214.21389049462567
214.72425428566186
215.26474554654837
215.77563905821728
216.30827781435738
216.832773393468
217.3546991476265
217.8883179546345
218.34888051199425
218.8636767562737
219.37529830572706
219.93998282964168
220.51544298715646
220.94167130409042
221.48592686706752
221.97560941009107
222.51622792856932
223.09515735549076
223.64612641385025
224.0693048765207
224.67422901731518
225.18477380580862
225.5948574740892
226.1292782729704
226.73212942158108
227.26399547783086
227.78131887635368
228.29069880696997
228.85842195427256
229.34852396318178
229.86336901837927
230.39389293687205
230.93998707582182
231.45769367420695
231.97650068399486
232.4110442184944
232.92386440067887
233.43211786515906
233.96062158242634
234.40923363362117
234.93122612355137
235.41588774197703
236.07935118874258
236.5934147194056
237.03362709137278
237.55457781568734
237.9946672485477
238.52095008043023
239.0725930213482
239.59502326386934
240.10552777323818
240.61041817502374
241.13093960796311
241.65164572683858
242.078611541815
242.56649476254367
243.05768467662085
243.54209129517162
244.04791448531893
244.53521520659945
245.04453191377848
245.5462827555681
246.0219302897243
246.49645222814513
246.9933645129332
247.42015109828725
247.90816627170716
248.39354631102273
248.79958747850327
249.32407181185258
249.8040814909732
250.2772759515301
250.74983262544066
251.23690268693923
251.73197040258697
252.21257152220514
252.7172048369173
253.18748603650394
253.61324897192875
254.10734190514478
254.62616917650067
255.108528353357
255.5321857617474
256.0265494408223
256.5273396332051
257.00429276026586
257.483928358711
257.97842836550865
258.48458762696544
258.95437133740484
259.37270229357785
259.8494410506122
260.36040985061504
260.9679803842828
261.4040384203729
261.93009326677003
262.4735110805757
263.0329704564497
263.52208432704805
264.1175712948479
264.5705942223611
265.0801183322963
265.62007094821803
266.1307466689112
266.6620199125159
267.1575368459813
267.68160894159337
268.20226677374006
268.71479872641214
269.2315636010535
269.7871772799946
270.2993046480295
270.83544496539776
271.352520849175
271.85006706958495
272.48050709919727
272.98146280105203
273.5161655509325
273.94381965849124
274.48195975752157
274.9912013758942
275.5273477316797
276.02891922161984
276.5562049951393
277.0825157303174
277.61508328722925
278.1196914675242
278.6426480593654
279.1708712078874
279.65920054602776
280.1706406330671
280.70517188814455
281.22215544646167
281.726445204692
282.31715176749617
282.7510273913874
283.30875834582037
283.7647306952838
284.3217156743407
284.91858335047164
285.3676263704524
285.864663810823
286.3847991817734
286.9269303836716
287.4428932699087
288.0197344069046
288.46622967952214
288.9566598750103
289.46326309671247
289.97384206976005
290.4874140693273
291.0127751254986
291.5908157742149
292.1306824742743
292.63682216677677
293.08650498365444
293.6219647303467
294.2009173968622
294.7307622165108
295.2255820723985
295.68161559283527
296.28786363299764
296.72507653584535
297.2985304520936
297.74574105057826
298.25307620108595
298.8080855047483
299.40624648885597
299.9188065647587
300.36380815975076
300.96470913188915
301.49515585603115
302.0015686470331
302.54211363938964
303.0535160505344
303.49970417750035
304.0449453803948
304.57419467785917
305.1637143908184
305.70614251309973
306.23277355752424
306.78633914351946
307.2774790029564
307.70386055552603
308.20526708026136
308.73187875858474
309.25004166626246
309.78234766234937
310.40131064442215
310.92183870066935
311.42118264991893
311.9377122304236
312.450621600344
312.99717604070185
