3.901074511938128
4.842256640445688
5.533909523358254
5.757675643452512
6.709439356149301
7.639320701904113
8.329961427645385
8.595591011026908
9.261994703802296
9.279722171594145
9.505218734141469
10.177618358231257
10.45431143054271
11.13223546579448
11.399762074772996
12.05338821501072
12.308128468594433
13.279975932120617
14.221033139607158
14.876691430776305
14.89411304983997
15.146556666285479
15.819841277202745
16.069421216677316
16.99527886658891
17.92581418207058
18.867242564404783
19.8069716590392
20.73395533935209
21.677083383639285
22.343295145195967
22.607757705441443
23.564673360147143
24.428002001578776
25.433886073460798
26.380205777639496
27.311591713768912
28.22003322822575
29.162125201309564
30.08364491485623
31.01101334847747
31.94013715786516
32.90782370165924
33.82957353679791
34.75134540827517
35.68298705658968
36.367526953846436
36.61921190552763
37.283193037441066
37.52542675905064
38.496025389538346
39.42669980739316
40.38548026638403
41.32109811724204
42.255946421202886
43.21067468637594
44.15489017152896
45.08312374599777
46.01498733862136
46.918948497667564
47.827230462557765
48.81763610890439
49.77240009221069
50.672716357900015
51.63984099207961
52.62537077347138
53.621087729395896
54.530601555918125
55.4479656311951
56.393564920161964
57.350928030390094
58.28399519195236
59.2492009413983
60.16029786866342
61.147521355900565
62.09629869377309
63.049456156696415
63.98937080219042
64.89729970280746
65.84133711601362
66.77881228993228
67.74895722312601
68.67600031052405
69.4053430172391
69.67007372775787
70.3548730201358
70.35800600670922
70.37577068803452
70.6436607963479
71.56248933918741
72.45916910642225
73.47002763983687
74.44942686187491
75.40069459883503
76.39155709923799
77.31354963375165
78.28069288497163
79.19407208885286
80.18342722013273
81.11408833758517
82.01807919218462
82.98186190070423
83.65533356830485
83.67304255854364
83.96222512858166
84.60585190286251
84.62295940352388
84.64112270898374
84.89673038501041
85.85606740615705
86.84395856891945
87.8011999208868
88.75738052036456
89.72758469220224
90.65860088586582
91.63983188252918
92.56458466138221
93.56891520244933
94.51657352697839
95.46544455172088
96.41032692544968
97.0861312983967
97.39402589661762
98.36114099865443
99.38141694192191
100.07861792427651
100.35781523325325
101.04960888509065
101.06682453758367
101.33939551759849
102.02866755200996
102.04607754184443
102.30700870032278
102.9883562266709
103.25405233954129
103.9382666555282
103.95587033663581
104.23940985659709
105.18946281029278
106.15753625671783
106.83779224602996
107.06031509187598
107.76445396798115
107.7816587665269
107.80023064557295
107.81741037666907
108.0441681806171
108.99484842431397
109.67292868312552
109.69026179083353
109.70867900113112
109.72602696840978
109.94592616401641
110.62415622602333
110.89191388399539
111.57208374814931
111.58913491165585
111.85416798172429
112.81121033747105
113.49679565823597
113.51433085610489
113.76160531900433
114.66971978022703
115.64958244013101
116.33346869998518
116.55242473201928
117.25096649726774
117.26815088005554
117.28602707276761
117.5559270647554
118.24590722792436
118.52503962020616
119.21256031560227
119.49529694943425
120.1623682333085
120.42962699456368
121.10315407315824
121.1210363389122
121.37611171237812
122.06396252920811
122.0818475084489
122.09972589779315
122.35950152966285
123.02197937750597
123.29857206850278
123.99165227828148
124.26256986717827
125.20966859726218
126.16143666038052
126.85199708073722
127.14203473972684
127.79559910267803
127.81297058684244
128.06024485852737
128.73579478514625
128.75368364079677
129.0171999912716
129.99730400452978
130.96028582379543
131.6209116070945
131.8967586954871
132.5769943339806
132.59415287403684
132.8488233799426
133.8102949285967
134.7591461440834
135.45208791170614
135.7257832860186
136.39674802862714
136.66800889102387
137.60883460650035
138.29274386782296
138.5795975580521
139.4825495752239
140.45275744784053
141.36547027822883
142.32263815743002
142.97244461241755
143.25344996268248
143.93913206179622
144.19764876749164
144.88067942577322
144.89836076428924
144.91625246264022
144.93412788007032
145.14894854384073
146.10273443730904
147.05142462799066
147.74998700818367
147.76816594168506
148.0237156616021
148.92680080795287
149.92694329406788
150.62863328618994
150.8617300256611
151.53968090094816
151.80465310790925
152.74513414397651
153.44014913351245
153.45840315645435
153.70515750992928
154.64048763034975
155.34212250639655
155.61131388724945
156.29960632046107
156.31792484330697
156.55120971895872
157.2116642150538
157.2310836371143
157.46355146813968
158.17227888994677
158.45998958225937
159.161335809496
159.40373731337186
160.0915389334387
160.11070902004934
160.1295663715177
160.14822320942517
160.3473327628006
161.25727049313923
161.95213527008386
161.97078151845486
161.98957533270433
162.0083747855382
162.2449216510051
162.92632470597823
162.94535520324436
162.96391219695073
163.17762705908166
163.86625964204666
163.8848561058436
164.07092168822524
164.76241733699328
164.78102535301178
164.7997916619717
164.8196136239449
165.078179298862
165.7871243628624
165.8053530809379
165.82412612869376
166.06572337790294
166.76368012866885
167.0194505785346
167.70765945845133
167.72630776971903
167.74527142913155
167.76458468077433
167.97736573832475
168.675955501482
168.69433219801533
168.71332460045545
168.954653535565
169.88363297484045
170.79250701892897
171.75358338981763
172.42758961091346
172.6744809407304
173.38609183930612
173.4048258295508
173.42358072381555
173.44283181350391
173.69779580827984
174.6310936718156
175.3092385734343
175.54673285860002
176.2315647630789
176.47845059183794
177.1862546278205
177.46081297829846
178.41857762314248
179.36623762872372
180.32479173845337
181.27738975989584
181.9584097481225
181.97723326808472
181.99589230641536
182.01533400776037
182.03409330287147
182.05286607557446
182.22361011146046
182.93599933974923
182.95444768756187
183.2057647559952
184.1289445844629
184.8239112255563
184.84263105057687
185.06583289965582
185.73676154937016
185.75556402778585
185.9787537745374
186.9447859818609
187.8749325527362
188.8075428942948
189.77608435084005
190.7434434041473
191.66461470850578
192.6141310937852
193.59823671207073
194.55381921271493
195.51515115542594
196.44187185363194
197.12359535040264
197.40713761608265
198.1024598912585
198.33499235971436
199.02944628546402
199.04852697988358
199.31304686235785
199.99113009141638
200.24658381787287
201.20927803002465
201.9106647302279
202.14815901539367
202.8437500227443
202.86172871773772
203.10400273459652
203.78485410032135
203.80386520635835
203.8234822539243
204.05448570333363
204.7459686655851
204.76481570256988
205.02502688143485
205.7167825450279
205.96315677540116
206.9264998915695
207.63434273478214
207.89458141893667
208.5889958638743
208.60811121495868
208.8594612897395
209.56110119311785
209.57933403698678
209.822260204261
210.5000056413209
210.5184527513955
210.53747650986566
210.55594383632808
210.7737506603866
211.4757834474505
211.75027468502196
212.45537514952656
212.74318238540548
213.43460108274962
213.45284451615504
213.4722195171729
213.49101498173974
213.51068635225258
213.677086890338
214.37894203235416
214.3976859245031
214.41605808266365
214.64801321509168
215.34265248101377
215.36125362070987
215.38048036821704
215.61236783763275
216.3110705883222
216.33008595767905
216.34970080482185
216.36872497587137
216.59046368107226
217.2746412881864
217.29374041114997
217.31230208075556
217.52629887210446
218.21086671647117
218.22963948917416
218.24845090680896
218.480566670128
219.18226613843726
219.20106861685295
219.4293171364601
220.1174927362829
220.13572695541632
220.39137569437577
221.06940023420157
221.08854006499368
221.10664212121077
221.30659883750457
222.01859463600456
222.0369409391929
222.05596359745152
222.07544270599035
222.2701585644117
222.93821269178807
222.95633427676074
222.97553365650475
223.184350651724
223.88628961222696
223.90531309564426
223.92376199356266
223.94336446332517
223.96239083479787
224.16508157687377
224.83966352709575
225.06796348159438
225.76674141436263
225.78595468427784
226.03152603524893
226.7125478823586
226.95914889384426
227.66101258494948
227.93964474386397
228.84563283033026
229.55139986500672
229.82096174210994
230.4851795447837
230.5042182936367
230.77400351369116
231.73549873937083
232.41369910050236
232.63267586205228
233.32708217663935
233.34616562158783
233.36498804133845
233.38396380307836
233.62494218327254
234.32688899222927
234.34516281897967
234.56876390733657
235.2637908530981
235.2820459762516
235.30140983762718
235.5332757153906
236.21111897658994
236.23047609916955
236.5317317713252
237.41924138745134
238.36062376972552
239.3115563758752
240.24048433321897
241.2072165724339
242.11676789372257
243.09581166951187
243.9647961302373
244.87054658887325
245.8588637817419
246.56369356757943
246.58215030450538
246.8662859968076
247.57406590480508
247.59255344765535
247.8858017799147
248.54709683914152
248.5652937886076
248.77928274094896
249.47437966655042
249.492680586011
249.51162939256716
249.71637519235242
250.4178493326031
250.43687405375843
250.69224897756033
251.3567647139512
251.60790066005282
252.3162339130181
252.58590251064481
253.51100335103726
254.20515503046533
254.22475722517493
254.43402516961652
255.12183055799932
255.14057912604744
255.40106783328406
256.0962672556891
256.33850083977217
257.02923603718267
257.2807477055396
257.9755592554561
257.99458452671723
258.0136099355048
258.2179984415787
258.87847273440013
258.8968908263942
258.9167434567653
258.93517791440667
259.1853228449255
259.8772092685573
260.1101273611728
260.8014532899027
260.81968462098075
261.0894474242242
261.78116621375494
262.05518133476414
262.9765677857235
263.92618776049545
264.8653963139178
265.8128617622445
266.74209875732953
267.43042175660565
267.44925449083985
267.68171833359827
268.37315631194707
268.3917806936129
268.41016344130986
268.6192603028504
269.32086904963955
269.3395059462121
269.5772532800418
270.2755524920589
270.2940139048841
270.31361513690854
270.54981763615024
271.4148281031296
272.36344061640506
273.3446192877874
274.31997639757947
275.27664584744184
276.2310901780244
276.9164398053525
277.1815507764994
278.1238222389389
279.09452013676935
280.0298184285365
281.01353554486684
281.92469609773127
282.88405393147355
283.8327408514204
284.51727675627285
284.53668613890267
284.76474060869197
285.4388247953072
285.4571438682589
285.47592626781324
285.4952952176674
285.6946560318629
286.69298954257084
287.61589486064406
288.54529234773446
289.50864161998584
290.51606517854975
291.4531267934606
292.42334977036296
293.37757290185357
294.36766441689
295.29075062072616
295.99283228269655
296.01128241835306
296.0308689350476
296.0499072713212
296.26249785474147
297.2108487483549
298.18759559317266
299.15978723838583
300.12629945694533
300.8107582088799
301.0858460361819
302.07617223367225
303.02595084614165
303.7245306785979
303.979648290416
304.66127616124095
304.9358598165853
305.9068236492694
306.9061858755224
307.8940001374798
308.83209020386766
309.5394230395033
309.8559876057213
310.8307213249621
