1.7571418680839859
2.425697569346616
3.052279269317898
3.7338698490136926
4.406284302995482
5.083536705755387
5.710556024616972
6.392962109504181
7.043823803942091
7.682452012671594
8.348114071291704
8.995944337622927
9.674201181930076
10.317527349572671
10.957698658058478
11.619063654484599
12.341673372946742
13.048527522625164
13.789122538557555
14.526123466817555
15.203765973021913
15.905143918541665
16.5671141012212
17.23660108254669
17.8588018568349
18.52904430050947
19.21393459918651
19.85414083716806
20.5170610203723
21.181537282424692
21.806809114996728
22.465798893131584
23.134750455701337
23.44851428935109
23.804686864496595
24.462098700594453
25.12937073026084
25.78609707524609
26.41230334623969
27.071102434278323
27.71572075116712
28.366144320914746
28.68096346114354
29.013225681087576
29.67197835716467
30.337214056250524
30.980889255759998
31.670914884503848
31.9827764743034
32.291450993064544
32.942109213842464
33.25160653317852
33.58471936996924
34.23740364786568
34.88682205008465
35.53010336336922
36.18039856410944
36.81542374381604
37.451776749124505
38.11969970708837
38.77092903672242
39.44323595990817
40.087101454313725
40.742687241650245
41.380161940142244
42.0834417005321
