2.6564357133792322
3.4705606353090874
4.241848327179509
4.995821540608
5.745746628938274
6.534631920777632
7.273392525304109
8.119367272234612
8.186546722622598
8.85928712167668
9.655961670733117
10.396937200683176
11.141614051493505
11.920823006245312
12.700839026193474
13.401222524575656
14.200916361439308
14.997395974750027
15.731914083566402
16.416522897769426
17.20156317717447
17.987740714541836
18.79422993600095
19.53234030450552
20.28841912108041
21.08378596028801
21.856675262347046
22.566195881513565
23.35999789344178
24.13842898495093
24.909354844170664
25.634018537921378
26.424101177709908
27.196142549962072
27.96947253787871
28.70343829798065
29.464812325980095
30.249928533844283
31.016453497042086
31.702623824171212
32.50355004897757
33.314177244734694
34.098735642350334
34.82491879997083
35.60525701050608
36.383216916002524
37.130953397558336
37.864665039610585
38.62900244267165
39.44325155752579
40.17823128209784
40.92100392949807
41.70026257235487
42.51938337582802
43.26294176316176
43.98507461019375
44.76645860103946
45.55957246417911
46.28240050088755
47.01510839266615
47.77409798811169
48.55570309075107
49.35088089529836
50.12101150712128
50.89441328617256
51.682797693143044
52.44228239030733
53.205661318069644
53.96340685910613
54.70692597766356
55.47699290152585
56.24272000880384
56.96257101389146
57.763465000176936
58.520382666793324
59.24011057318043
60.01398373153029
60.745162408575304
61.53743752997247
62.271735983919676
63.029798655197126
63.78270469424396
64.55056154369534
65.29374025788188
66.06820735993993
66.83633317331423
67.62418683305667
68.34899021950798
69.10232298220414
69.89586716952293
70.62241039730223
71.40703556311983
72.21949125363182
72.9574439904105
73.74267947466547
74.45497856731001
75.1973884604621
75.98297837339938
76.73540106339674
77.48798322490492
78.28948672744329
79.06808852573494
79.79302499690885
80.51309278720353
81.31862202058808
82.09451896552322
82.8073043127505
83.54650426055483
84.34662488576033
85.12010561463211
85.91070293417968
86.62383707042382
87.38546573109421
88.17635287199994
88.87649698530501
89.65858641413612
90.45171005686404
91.21524439784038
91.92565377676725
92.7168171605806
93.48250979081271
94.27400264911691
95.01452557031632
95.74453222878432
96.49602796613188
97.31368978278576
98.06387652190125
98.8104782036491
99.57147699177429
100.31917094527788
101.09624560061914
101.82175085856588
102.60199040424283
103.38926069509498
104.17263447533726
104.91511438941455
105.64379780739226
106.42990006963362
107.20894342187196
107.95860151517931
108.76108090352544
109.54768625992506
110.32213831354039
111.05102148737532
111.84576009959193
112.58410007447759
113.3594712417562
114.0975907444746
114.89151510569128
115.67150751182774
116.42555640260386
117.18722134975913
117.92183424117982
118.70201683701146
119.42659466258519
120.20731000356356
120.95969698416636
121.74339617939027
122.52556176898622
123.25194765606653
123.98935600712014
124.73557899398557
125.54083902535459
126.27389205602108
127.06717559128595
127.84424832157072
128.5916745249211
129.3445456395306
130.08303263738907
130.86640011854402
131.63812911045983
132.3370894015505
133.14322404347712
133.9200347150001
134.6537472974802
135.3924805249651
136.17039752670934
136.96991416734
137.728320652273
138.47188422025692
139.2618342853968
140.06304822665828
140.78947509276378
141.5110711256704
142.2815514659734
143.06870044511516
143.83859068452387
144.5719338658263
145.32939656205747
146.35384973836574
146.8774546205997
147.6757372774495
148.46118793609782
149.24458937901323
149.98294226710055
150.73299421937233
151.53235419489124
152.32865246193387
153.08505898110292
153.84362328005002
154.6200052495139
155.3969532017711
156.19627595350985
156.96730845918327
157.7700866454909
158.54768813174493
159.3137745891822
160.08798023500069
160.86257263950193
161.68206895743992
162.4598045369608
163.23817864908662
164.0877497661907
164.8303172708155
165.60165980777805
166.38657253139058
167.20886402337058
168.00971598488138
168.80878632161415
169.5705458447946
170.38074380553485
171.18858910523034
171.97774680355553
172.76929568163467
173.5678298698274
174.40545578544518
175.21760561130807
