13.606459278287199
14.30628152459587
14.998803168675927
15.717246425980058
16.433852000112246
17.125754674196212
17.842600016997576
18.56417326602235
19.310916818236034
20.01499896465996
20.706081251510867
21.430337699347525
22.13386883691081
22.843604616683812
23.53877384809975
24.270356123309135
25.045177979570084
25.748395483222485
26.52739099881712
27.235471538109138
27.979713034664634
28.683059154160212
29.42797335546237
30.158881192027962
30.85413559583984
31.589251222990587
32.29751412700173
33.01570149654325
33.71745332395638
34.46130566647863
35.20066900133406
35.91314972386139
36.61127011375504
37.31917471195606
38.04466207557939
38.75326378252874
39.44850460168105
40.1751941038806
40.90333107922356
41.63037267729011
42.33728976659599
43.05925138857922
43.76624592140959
44.50491479905436
45.20586174497771
45.91214606791238
46.617898615281476
47.32802267181425
48.013092003142916
48.72450065325951
49.47027759759829
50.20348977894627
50.874323580106136
51.56586539889861
52.359571062160114
53.11948548008971
53.825184905219174
54.5377338801176
55.289154018091246
56.00403906648765
56.74266800966059
57.45852341397321
58.180241378726244
58.91217007820537
59.600989019868166
60.32894738234762
61.04785967147676
61.76133495523949
62.46581014727073
63.187037888009826
63.89101947288189
64.62248780252048
65.32914845351421
66.07932291804525
66.80356029745738
67.52739634459593
68.2406685781074
68.96956643766518
69.71654873130714
70.45456264109787
71.18953917287047
71.88606323797356
72.6372730739175
73.36052414224157
74.07256106645899
74.76715617213598
75.49142100018041
76.22248633576712
76.94761604570094
77.65924530515473
78.39027008078244
79.1069222933411
79.78810968403353
80.53695809602021
81.25399402188428
81.97963528667069
