3.1500495996973514
4.276437625315549
5.202895036655499
6.471856428208712
7.194395724962282
8.28118441973305
9.537429850081246
10.597464369186183
11.728201629865906
12.882905794289238
14.01918532686564
15.161014799454597
16.401107138645813
17.48129273995727
18.54006454872131
19.7029871178722
20.955516153952367
22.16614382163264
23.258783912943205
24.387082036128383
26.86842862179101
28.014317516883096
29.214553316861135
30.36796778696101
31.613566447318362
32.66425334866708
33.73888056290098
35.036702379621374
35.77741156656283
36.243177033504836
37.33626108390977
39.855991174464265
40.84931060098422
41.99969343868345
43.22041788413189
45.45229582023899
46.737883952568126
47.88152524126006
48.90559628106593
50.06037759361307
51.09191056664889
53.449732787643455
54.69607009669065
55.82543143258035
56.90771933480161
58.151671642599744
59.30376854476987
60.43502181023089
61.475011401302034
62.750320672673524
63.76563527191702
64.99992617259244
66.11228583253961
67.33899213519015
68.5089018344238
69.64504613495687
70.88474605159331
72.12949052643292
73.26534468585311
74.44679874842453
75.44680816712622
76.63830334136092
77.75746985087773
78.93279167943454
80.05969018273392
81.19080134744473
82.40829607694198
83.61129204765766
84.65504656212401
85.84401627591564
87.21533502707236
88.45559941648054
89.73956429680138
92.32325271998735
93.50911080187939
94.69148226957577
95.8557425290065
96.84098221456432
98.14396642691977
99.24702127317956
100.14246809351872
100.88737930667301
101.71388903667277
102.95232604083787
103.89233133015753
105.07224084137052
108.57038077599965
110.84341474732575
113.14769134435193
118.92389488554826
121.28659626126894
137.57346803110468
138.6188929420458
139.70985464885615
143.3670394446312
225.80197698272298
225.82756311229465
225.8536990292725
225.838331583117
225.8602762445203
225.97856779595335
226.00015234579598
226.0221973610097
226.13193787571615
226.1533782552959
226.17498243616558
226.19672042211582
226.21894227362142
226.24090452442496
226.26206692866134
226.2835161029412
226.3057244483002
226.32728559795854
226.3489219737126
226.37140719507747
226.39279229368498
226.41438328250447
226.53784305656194
226.5595150822612
226.6763613548336
226.69789439286117
226.7196265680274
226.74118190690172
226.76302762792852
226.7844463348544
226.80655495459584
226.8283991051405
226.84973347717403
226.87167358417904
226.89340371771846
226.9151305532453
226.9371582931552
226.95880126493435
226.9811036821751
227.00191853870808
227.12123106001005
227.14348180838752
227.2569641604104
227.27850913410242
227.30068559867343
227.32255126482377
227.34403420447023
227.3656457666061
227.3877079000754
227.40922287755805
227.43067409346475
227.45284647478212
227.4743644361809
227.49634993012052
227.51762399563887
227.53977077809694
227.5612435096093
227.6798096148985
227.79858414715434
227.82073422762497
227.84226286830244
227.86360038130033
227.88561728488327
227.90798456303745
227.92892694272234
227.95113858609386
227.97289149162467
227.9945046242427
228.0159688751514
228.03762409669147
228.05959310056832
228.081573568965
228.10312796555002
228.23213878857274
228.25368344816832
228.27573333187672
228.39782473735613
228.4194083449094
228.44097813221964
228.4630338267121
228.48463989216037
228.50630233791844
228.52776156328417
228.54941317271528
228.57170522477372
228.59321643309914
228.61461268213003
228.63687662255768
228.65895084873966
228.68083174856702
228.70179548680937
228.72393363161552
228.84879016136506
228.87034832710725
228.98972848049442
229.01163450803642
229.03345792821648
229.0552701979732
229.076836059078
229.09857074701569
229.120179011139
229.14161200945256
229.16339271251775
229.18534255651218
229.20733731629656
229.2286679191729
229.25066330715015
229.2720336432253
229.29427638214372
229.31557683176248
229.44666414267604
229.46832611728945
229.59632799253973
229.61836342781223
229.63987777710201
229.66161953220944
229.6842162578081
229.70513005471756
229.7267375335998
229.7489480776338
229.77034574009863
229.79284258303153
229.81362854269267
229.8357030829711
229.85767020226936
229.87912283161003
229.90085720545127
229.92230418105612
229.9442288973359
230.06404220865076
230.0855551445066
230.2016692219154
230.22372884261327
230.24533993360447
230.26731569055465
230.28960444460054
230.3107063852735
230.33223628233674
230.35442122751144
230.37581370738513
230.39732742848204
230.41944138786283
230.4408608800298
230.46296667290332
230.4846258206488
230.5065060922833
230.62446190201203
230.64672678472897
230.7610361912121
230.7833847806285
230.80513124718243
230.82619612447627
230.84856230329294
230.87030311611107
230.8914736868547
230.9132452811233
230.93525998603118
230.9577013909436
230.97876799576784
231.0018091678195
231.0235356892499
231.04394253451616
231.06566842775374
231.19491128768064
231.21683286299609
231.33868807389229
231.36033293025008
231.38268497472728
231.40440678471117
231.4261315786112
231.44721702922146
231.46892580420337
231.49070729250963
231.51287213551262
231.53400360125028
231.55650468448505
232.2128941212846
232.90992520584376
233.89724727830537
235.05834316953138
236.19163126491532
237.27852044088252
238.48095316006658
239.50277533100999
240.6358443667639
241.80787905921292
242.92346545884038
244.1540443646101
245.3127552351612
246.33246982080846
248.70176472590668
249.76123479947677
250.89111323768472
252.0501830129153
253.15955048113966
254.26780110808608
255.40496174321615
256.5651784348111
257.694591479187
258.79024415601896
259.9374507238144
261.10467820064173
262.21610643352733
263.46788272094483
264.5864676968723
265.72124974647517
266.73702050177286
267.93689680225964
269.06211934112315
278.13534639052136
283.9035754018929
289.75457773045713
290.8080712499502
291.91985438338185
293.08561573996525
294.3628922899322
295.4719623386545
296.8022610668164
297.7266132785019
298.9645160827894
299.9772555151709
301.131964690936
302.3083700022012
303.40287409817057
304.5080602700046
305.6801731934299
306.75706246822915
308.00603223292006
309.0376837405866
310.2666206553175
311.41534599409687
312.5466114908355
313.70404759174863
314.84548190921873
315.97317190912014
317.0822311806402
320.61246900651616
321.8253454206362
322.9275387696861
325.3041232468018
327.571129136203
334.5916209542119
335.76995723909874
336.87048432141063
