2.4714317846367435
3.3626053512702994
4.231764718109938
5.118278464202123
6.008594693591981
6.9473804463684825
7.83581359135264
8.647215929784029
9.578419831296777
10.462551936139139
11.341634392682629
12.235451442106523
13.153078556426422
14.040091424224064
14.965096584748716
15.879500831317202
16.78242789116467
17.670505721418834
18.58921477428602
19.480842521001946
20.36587711828235
21.249225626000502
22.151832350999427
23.06870750971002
23.967866722533085
24.85777814741941
25.754764498988457
26.632189732586568
27.536784077700062
28.445464060903902
29.38743630685526
30.261123846332424
31.195890048441278
32.10118628134742
33.00299533772466
33.928484560801024
34.8430449768412
35.757828854596966
36.63537484040214
37.894739800249845
38.450461461539774
39.344304195939955
40.24752269540633
41.158814815907476
42.056440388070385
42.96894313324461
43.87362151891583
44.790476430481434
45.695042242843826
46.5552951350073
47.47166455896462
48.39432857902578
49.3203475993835
50.24322021096701
51.17007172582687
52.05168924273091
53.00118704532421
53.88956249541881
54.8212560530834
55.59295834456063
56.69145030151035
57.62669885910592
58.50961285627654
59.45127355862949
60.390575272538534
61.312649781277344
62.22931590316588
63.17159336202428
64.13216099505709
65.09395821380618
66.02664941782848
67.30876050046172
67.83995894630448
68.7540539246132
69.67319848626934
70.59225974197105
71.49389203713919
72.39247436809198
73.28186686112214
74.20486277079206
75.13874363611954
76.0738568141231
76.99095817608033
77.89911366695829
78.85526235338357
79.78534357272032
80.66840904099445
81.60687149700681
82.51629128277783
83.45336271203661
84.34599050218353
85.24983067918336
86.18236262725566
87.1341671841894
88.06345025097514
88.90860934072504
89.79664302148754
90.7320857632052
91.69619565556381
92.62458184657692
93.61239930218471
94.58867991614804
95.58109351475822
96.53310044015004
97.48085326974977
98.3969191813895
99.35671697954507
100.3321330673779
101.22061079749642
102.15254935344942
103.08452813739774
104.0367481221543
104.94862321427354
105.91665895685625
106.7925481879823
107.72945846341491
108.68029494384491
109.59320256261086
110.5327519504548
111.46134943727876
112.38050374604421
113.33669696192582
114.2603092870152
115.20844107060145
116.1518007020229
117.02071785256766
117.96049642236682
118.87663787877284
119.80450707503789
120.75303134067607
121.69304399951598
122.62427654983074
123.56929000332102
124.50130153640083
125.44534197695981
126.36011835937043
127.30097193718365
128.2121047408825
129.1333473699418
130.0888175386301
131.03285063930764
131.90088334044685
132.8489057137964
133.8212307048666
134.74100586934023
135.67364853015727
136.62916353468893
137.54514603659146
138.51320717956196
139.48090680700588
140.46115336839296
141.4089932187001
142.35271235113953
143.29663853243255
144.2450056033216
145.1932756379723
146.13316069990486
147.09273710877022
148.02523098151286
148.99265774947065
149.9044060652332
150.8643687096892
151.80036210720473
152.70889668346007
153.64112466771974
154.5646160068335
155.5043466728066
156.4282121262359
157.37289641158694
158.3290069038185
159.2367890301355
160.1963334057029
161.13715172990806
162.04472482578348
162.95661473817484
163.90890201778728
164.82525449595346
165.75648804251074
166.72040889468488
167.64840558222275
168.3562333466122
169.27598630350423
170.18853835440592
171.12409210572395
172.05236862479163
172.97249252780705
173.91689919225524
174.85221550717785
175.7886627089806
176.73979125815697
177.68749323111354
178.68418513453514
179.65229848150963
180.66042322868753
181.56921601978775
182.54910834094144
