3.0226748152379335
3.762394208692859
4.069791458935474
4.605855783319148
5.129921533898723
5.660484294195359
6.170979844128494
6.691268591675905
7.219158033083534
7.739287451086105
8.274519945481101
8.771852605020394
9.261823130747942
9.784204988180186
10.301205028918465
10.794746264584195
11.303261347323435
11.831428592632781
12.344468500864036
12.880500792421165
13.385691748604893
13.909072850539063
14.400406591998205
14.934204839701117
15.426745301729998
15.992308874284381
16.518593848703667
17.022914306403962
17.521551163039398
18.06424913562476
18.490687357862072
19.13256840439619
19.66081615221596
20.14920577931774
20.677491213905768
21.203918844140166
21.71738713281703
22.269503872448013
22.768336059711817
23.293791641231092
23.772298186890197
24.301857593568208
24.863936159514314
25.427103860435007
25.876142896450958
26.43389353730346
27.011106336859854
27.509607112669517
28.01454002040729
28.563073643872645
29.04719674621915
29.589577773887566
30.13042953609123
30.602249333089347
31.13177900277238
31.660389952775
32.20246663591442
32.753615196782675
33.27698942620227
33.78071362451686
34.32253645509684
34.891704798590276
35.432337974471665
36.01197610039639
36.55533817379836
37.18560834863658
37.804037771394924
38.507058857357435
39.18878250163063
39.80549284513559
40.45429727141544
41.13819606490339
41.75090569952174
42.404611401282565
43.04312344454889
43.67594580230342
44.274685710354326
44.97906555369162
45.61405969898369
46.2522086436657
46.847951499936556
47.46133397673052
48.12339106258916
48.82866417967869
49.4869792360803
50.170765698572446
50.796725507364485
51.443862358908696
52.11596818445052
52.80692319766092
53.404717424261456
54.061120296196606
54.716687488013534
55.314172094081925
55.92990352651159
56.583667189493056
57.174683660034134
57.87072314919579
58.483071047733226
59.118685431431395
59.771004222774664
60.43359723005953
61.03251905393839
61.53062789334483
62.31348870640364
63.007984362439196
63.65511121905861
64.28196104683252
64.98140856701815
65.59413973457113
66.28386994763385
66.92631167870125
67.50726532598937
68.17654244627424
68.79583523820992
69.46471909657619
70.0603334820533
70.71384043075766
71.45025310822814
72.12938072546875
72.73809194551855
73.42396525861228
74.07749510210978
74.7205260370083
75.34761446247697
76.00776051355648
76.66004759292503
77.27748649787588
77.92937421628326
78.54490572030569
79.23433956499281
79.8890188929206
80.49763810956195
81.07860397767048
81.68717793975804
82.34365203056994
83.10712208971341
83.79114391884538
84.40325525840775
85.02310622411973
85.63826454546933
86.27522147873431
86.93520570106053
87.56619438799329
88.17530824720498
88.87016160779791
89.49000184864876
90.1574096284004
90.8068915555353
91.46017355802326
92.07181175996783
92.71891876143428
93.33731806660619
94.0333035599888
94.6275785490231
95.29758439839554
95.92315133854132
96.54165225201788
97.14525563885931
97.82279080898168
98.4889784490455
99.11536680194993
99.7632655097091
100.37676077564521
101.00809543013965
101.6624048376392
102.27198709601609
102.88247769570052
103.52721691240019
104.20564409810146
104.82536939578716
105.44843560323469
106.14414220630461
106.77775330030468
107.43479739606242
107.57962423162414
108.05054607302654
108.68054054074241
109.34325079732538
109.9970860289678
110.67023736839526
111.29569291155335
111.91389736641833
112.59260233627002
113.24029983202584
113.90129913172578
114.56338835809161
115.19658182897541
115.84523976054125
116.47148609835529
117.13859179870701
117.7345291753382
118.33006760939783
118.96170968965812
119.6899953411315
120.28152995500025
120.90368576656806
121.57915919073288
122.20658634734781
122.83816726217955
123.45340088955226
124.07896836461744
124.68682500597333
125.33972039335588
125.94458254917042
126.39981062426966
127.29566429768789
127.97900310338467
128.51549727019324
129.26382774201946
129.8527659410666
130.49280177342325
131.12632229415132
131.780775088462
132.37548688999658
133.04584126695264
133.70782024117756
134.36159945639022
134.9208860158267
135.53431203012025
136.15106887675935
136.7416858323159
137.443243197564
138.1206962375274
138.7887843564675
139.39427157814333
140.0471425316509
140.69676685729672
141.4043850072525
141.96896935543347
142.56255523034184
143.17837469532498
143.8398686345238
144.4678177372749
145.09705117131213
145.71244432206274
146.37781035348726
147.0283784448935
147.61908115597487
148.2255642219049
148.87243251816292
149.5132101725403
150.18337393874972
150.77603751854167
151.4246246318021
152.0493079304986
152.71697071772869
153.36702135687406
153.9694543637482
154.5801861361214
155.25886100224716
155.94183850355114
156.52556576340635
157.13993829140242
157.7508921214649
158.35177197734262
159.00757757568036
159.6379348272037
160.23346543118387
160.87378318694746
161.50930819551104
162.18242981298943
162.80841370377556
163.4487930848469
164.05340948960497
164.7471639617988
165.40298015383445
166.00902138928188
166.67810500189003
167.31698556684736
167.91898392635875
168.58750012877897
169.2069435739703
169.85434411584416
170.5235630281366
171.11914300650142
171.75898615534163
172.41244201581534
173.0308247388684
173.63036502638224
174.27062278908045
174.94214131095976
175.57554916617312
176.17525057135424
176.8158059556909
177.43436727352332
178.06443870785145
178.69519329804928
179.34212879751541
179.94057583820694
180.56815656163613
181.16872212527795
181.79497783666682
182.41337301760703
183.0139948356218
183.62856883934015
184.29906121767593
184.93789412728728
185.58354332112302
186.26009590951173
186.87134645194212
187.51130284142522
188.10225577610177
188.76017217652014
189.43848772719318
190.06007178670882
190.6712531832158
191.29420642609836
191.96453070956952
192.60924843621476
193.21950774006768
193.83936524231385
194.47674017879746
195.11779994999472
195.73691305776646
196.35777546330715
196.99816106586454
197.68832883816532
198.3237611793356
198.96486194832505
199.6109898226099
200.2744720100923
200.91373767565287
201.51347702453694
202.17063108366312
202.8632727139416
203.47701827220467
204.11554080894865
204.7031663869651
205.3363802905223
206.0343449007388
206.64601052427042
207.31968137738025
207.96686447099802
208.6039490419883
209.26118732943027
209.87023406703855
210.47717389877135
211.14843970099187
211.78386604264747
212.45814926158175
213.1002664470272
213.67491334529473
214.2797359797705
215.0273157114423
215.6970199714941
216.35947059218134
216.94452643917563
217.569894541907
218.22411147193043
218.89278926934128
219.50806352015647
220.15757239902587
220.780235663737
221.39587124101044
222.0209491149463
222.67772464494604
223.28027336612735
223.94890632647213
224.5816378713124
225.1912664411982
225.81556065180595
226.40838004196166
227.03497044416923
227.682299287974
228.31615815623
228.99775547538357
229.61003743583848
230.25639830159926
230.91713910080423
231.53283830303042
232.15069942948423
232.8286692313971
233.44682645014788
234.0616064469941
234.65634021499392
235.33267000627424
235.9751595581724
236.6119819397319
237.2060958159633
237.84342841182098
238.47479679161253
239.12156868698042
239.7410428580427
240.46178782279006
241.07001616601502
241.71669120336855
242.35921760618368
242.9918457871041
243.61657997342064
244.2399354887757
244.85129787951126
245.52573847814253
246.14273486192053
246.80630001067473
247.4616828675967
248.09288842702068
248.74725636682274
249.36797246421247
249.9826535281176
250.58080807461468
251.16718253538863
251.77107951690647
252.37345219247752
253.1080869004119
253.7851360375
254.42378650325637
255.04006405951333
255.7063587511799
256.31766396067616
256.94156861201975
257.5991110387941
258.2391818458975
258.89262397579006
259.5782733492571
260.2688163923891
260.9477975734879
261.58201376621076
262.2602914657909
