1.9167893379275656
2.586577238522561
3.315577296919943
3.9736973663543482
4.678989826160572
5.364793047704019
6.248948453974932
6.719588048978361
7.388408385782869
8.246558444415623
8.755526160597503
9.463096486317443
10.203702512719616
10.894069564288642
11.538010124552851
12.265971957306414
12.993498787325656
13.715501629099528
14.38280054094632
15.07558963342704
17.852293827978947
18.547326467695942
19.26214141496121
19.958171883900633
20.673097757687394
21.363088625184588
22.74614448741942
23.4575260593221
24.161716358950976
24.849742289563366
25.53724909613147
26.25847081272576
26.93497343207084
27.600528708912293
28.329864725513634
29.0660271026029
29.728618212818603
30.41811499871984
31.129143764690692
31.817345298738616
32.52623886585503
33.926221855797536
35.25389624907703
36.73900999256219
39.522046757272086
40.28460904066483
40.84909684227905
42.277747798601865
46.419711229869115
47.09373395441455
47.85611483499375
48.53567569962141
49.22686148385979
49.91249702383706
50.67113011796751
51.37899664157461
52.06048566395866
52.73008710207989
53.451904286620156
54.13422305369771
54.8603639325968
55.50391864991579
56.19651143816492
56.9381400971333
57.6373072187086
58.308651461339764
59.02105937720627
59.7605718865445
60.44336522125048
61.12773031106157
61.851913260283936
62.56988806625649
63.267109235321044
63.99030838804961
64.70953601471803
65.42137485455446
66.06604922762392
66.79011768120449
67.5115891654023
68.20884830203664
68.90226717183242
69.61135096826727
70.33434033555515
71.02041317309114
71.75037527444013
72.41315668680143
73.21842220316812
73.91446582472403
74.65391151394732
75.3092564588854
76.02383100043852
76.76144999590763
77.46468806416543
78.10305207423383
78.8137759302387
79.48844853172814
80.19176079567745
80.86380739290061
81.64842383254097
82.34125964353959
83.03933806643799
83.7199223276281
84.40403721915554
85.10030975903186
85.79409649870114
86.48611463145319
87.17864150099544
87.86025676457032
88.56607773188543
89.231695699145
89.92099916575393
90.65461920359476
91.36164550917155
92.01448110057211
92.71365178745955
93.3924448964218
94.09240313582539
94.75376550358627
95.4338262203909
96.17123589916127
96.88289607623042
97.56648768532574
98.24729317622473
98.92303602820554
99.59872034248808
100.28309355507754
100.99490882230239
101.71866739886494
102.38480180069214
103.10297733341531
103.77197947389278
104.47494883587873
105.16520941976785
105.85293492716505
106.54520573813586
107.25451744966406
107.94362065908962
