24.091590343917886
24.49548406701465
24.520728901833266
24.547037271634125
25.074866594583174
25.46519879728529
26.020323222372376
26.409730684751892
26.435891898769043
26.995511613261677
27.949899523147813
28.33973228803857
28.93414589785033
29.323969372603216
29.34989944799041
29.375902172255664
29.945093649638995
30.850451197051214
31.240033314022497
31.26557208880301
31.821473959201
32.78186127302967
33.744726397474665
34.1337078141319
34.694751373425206
35.08476696822905
35.62926731940012
36.5504776458601
37.514064677685575
37.903975665537104
37.929877313102445
37.955847707687944
37.98117559633903
38.493857889125394
38.88344650919318
38.908784616995916
38.934725654745776
38.9598714566948
39.45892813945151
40.3702432363009
40.7596051770049
40.785029868892494
41.331954817919566
42.24576771860353
42.636083942268534
42.66147110199917
43.210970360768194
44.18884252523506
45.138737728512
46.09459099376573
47.051277668572915
47.96378588524411
48.353502337608845
48.37976871598657
48.898032270536596
49.84445124337609
50.81741051829629
51.727125848658325
52.72348760006244
53.11353329491294
53.13897842510383
53.696883520068496
54.08675084427209
54.642617815471
55.0322597609301
55.558065589001174
56.47723258814731
57.46238809714023
58.43312985078971
59.35196548150258
59.74201080474758
59.767990303668185
60.28861096639507
60.67775886232276
60.703458913896526
61.2485105169594
62.17523822430892
62.56498607733963
62.591121836379045
62.616889520156434
62.64222205387645
63.215769420067176
64.15610927218185
65.08205762612064
65.9846800702546
66.90376172420099
67.86264268963626
68.80391923308076
69.19357827239352
69.77832301037674
70.71549688385481
71.6390237776165
72.5968631339552
73.55760586006811
74.53112834192304
75.41871356557556
75.8086466639552
76.41495569276127
76.80473011558625
76.83102603660238
76.85642453030121
77.37061213989557
78.32676977171775
79.24796808016484
80.21739303988171
81.20565130068215
81.5960310688901
81.62173409330799
82.16345151005794
83.10403563992658
83.4944555415301
83.51988599330316
83.54536772663721
84.05436068284638
85.02639851531012
85.96182511753968
86.3522518938452
86.37749319841144
86.4034342361613
86.94415288822381
87.89210332789062
88.84364434000311
89.81067644455615
90.74240111647035
91.68916306704124
92.7038263247377
93.68194378422305
94.68156621673134
95.07104298353929
95.67009347874622
96.59914779526423
96.9889978398114
97.01473152168423
97.04066438411277
97.56385408652662
97.95382230162737
98.52093200904349
98.9112251931666
98.93660659301176
98.96258293328549
99.50193559969308
100.41842665039562
101.38430142189455
102.33711039960882
103.30374909723896
104.26249669602166
105.18805992289074
106.10407096995075
106.49412149567294
107.07457157960117
108.02082937659921
108.97877479337235
109.36899718664496
109.9139036159589
110.86730335903609
111.25639700055868
111.82642173975569
112.73838144339467
113.70944838621406
114.14888617794936
114.66059844437702
115.58574313807586
116.02509045147261
116.53059103888097
117.4473745529859
118.43176324782016
118.87129780111195
119.365332077978
120.30157140088069
120.74035762291408
120.77040627502095
120.7996098343129
121.28032625185591
121.7191514298406
122.23135940087307
122.67142802769105
123.16926767931395
124.16011083322849
125.07747835917124
126.00962440810953
126.95407041864956
127.848688540578
128.74947400254163
129.74154644583038
130.7568460123582
131.70981441428415
132.64530719838535
133.54752239814817
134.51447098351076
135.4517972253727
135.89144885595906
136.39120624933236
137.35658624366366
138.3090724419358
138.7491056732926
139.22150359246274
140.11261097927456
141.03562295567522
141.9832655480663
142.4224779817176
142.88285775796112
143.32184525240962
143.35076208752224
143.37987998560942
143.40867660181848
143.9504260032681
144.39027241361106
144.89969252741363
145.84609812183743
146.81210984285897
147.68160137790542
148.64438808079646
149.53880526119153
150.5025720435335
151.400702013676
152.3604899548739
153.29312370802342
154.1876744856654
155.17118832797703
156.12708734402827
157.00242823365573
157.44250649474125
158.03810369954465
158.90470440944367
159.8640261634636
160.78804186517792
161.80817018440894
162.65972556375374
163.5759784051592
164.01499731569749
164.51178305860654
165.4269580052219
166.36652238586746
167.3554278314065
168.27764851793327
169.21128123828555
170.19034897899053
171.07679591296278
172.04607410735974
172.91606600181373
173.92709081199004
174.78407344966507
175.70865973834168
176.7141388743836
177.59795767386694
178.5440950606894
179.48999460205056
180.3987488741976
181.31223578809235
182.27213851837027
183.25212576756346
184.18565443156737
185.09337097366654
186.0257487377673
186.95464044813053
187.39389372269855
187.92383503289938
188.36296871688566
188.39194189151928
188.42091422839047
188.86157166377333
189.3014735758749
189.33006640638163
189.81999976671437
190.73354764425187
191.1735394063702
191.709883443987
192.14963225501106
192.17849672997406
192.20721501539927
192.66508452943202
193.56499705828344
194.00433892622462
194.034010166373
194.47721118457696
194.9167934903252
194.9461329765656
195.37835517454425
195.8170768888733
195.8460492257445
196.31016131434953
197.27881071270843
198.1775206922821
198.61675595495865
199.09518146891347
200.0352711395384
200.47439372317294
200.99426071665738
201.87378522180438
202.31380651504708
202.34365410417942
202.37177234228994
202.40072624838848
202.42969460588833
202.8165476559265
203.25656099042646
203.2849452180971
203.7458375200081
204.18527217013443
204.21446316299048
204.24356367750795
204.27236008427644
204.74757492945943
205.6307989862015
206.07018944436155
206.6017293987825
207.5367574909123
207.9761391525672
208.4597064014657
209.4139025411293
210.32478538436743
211.2939137101473
211.73331380257486
211.76250123494074
211.79154959874919
211.82025385165431
211.96188261001808
212.24194532168391
213.1387731509733
214.15850456523822
214.5975668299804
217.4083418502231
217.43714202692234
217.92200286524837
218.36192991022176
218.92219789820393
219.8564925958043
220.29606422008203
220.81640576310178
221.25551640862224
221.2845122028405
221.31346254844885
221.7975396730136
222.74894985727553
223.6906140654589
224.62397186587182
225.06356213036284
225.09285072253778
225.61504687356836
226.5360189249405
226.9756232219516
227.00434716227298
227.49550919487265
228.51096508458795
229.42043952443575
230.35198671685126
230.79149152957805
231.29009696326239
231.72898204125823
232.2861876683014
232.72470119867558
232.75427190733666
232.7828215930801
233.29047442204148
234.19360045551167
234.63318003853215
234.66214965267557
234.691120314022
235.1711436489392
235.6100905119116
235.63921029496416
236.17617288171374
236.6154598762181
237.13523736607158
238.06131634124344
238.50101865645465
238.52981778595088
239.04853715146203
240.01839589265745
240.45720871364685
240.48573850253342
240.51515359682986
240.99921504151382
241.91209846070493
242.35196183573635
242.3809140663101
242.4099060905976
242.88501974929
243.85645034837214
244.29492450391373
244.32413225201765
244.3535477651953
244.3825198926259
244.41095354827777
244.8907026808356
245.7876378925872
246.22701285214296
246.74840995843957
247.78286132103182
248.7454104100902
249.75240912135018
250.72322562074396
251.66300766646262
252.10309388629088
252.13156419404748
252.65637354464943
253.57794433081466
254.0178349331239
254.5498735256258
255.53136076730846
255.97066514538253
256.5042678663067
257.4500486402299
257.8901097271863
257.91740235045756
258.4101381655259
259.35876131026805
260.2486278319187
261.260203229006
261.6985716170454
261.7275749511252
262.23834021559264
263.1422535583789
263.5819759798876
263.61064630341576
263.639890913065
264.09597512450506
264.5356655016021
264.5648925182411
265.0649681945605
265.50498739339724
265.5333133965815
265.56301584337905
266.06157748492296
266.9811716351935
267.42093929587145
267.44956710295816
267.94437444922954
268.90999541100524
269.34944576917644
269.8372017046944
270.27686988108803
270.3062011991451
270.80445963798905
271.73579596152996
272.17504295288
272.2043786691896
272.749145575186
273.6715070479843
274.6038854257566
275.0431527328447
275.0721254885971
275.5482727170945
275.9883687806309
276.53305506076964
276.9726281511315
277.00135502362133
277.0307158728027
277.4820565717176
278.39955527091126
278.83934743613924
278.8681390257739
278.89685898672394
279.3788970068961
280.3353145190049
281.28606579907154
281.7249523431516
282.26780473910725
283.217492036482
283.65646026239546
284.1743916078548
285.1218142832128
286.0678256380086
287.0358755097071
287.99547227056786
288.9086655901175
289.3483243416842
289.8791569979985
290.3191326331907
290.79907782633154
291.745936284417
292.7102171008226
293.1496303880079
293.6258245775936
294.59032694320814
