1.4204804224708314
2.1470223087296603
2.924847549323075
3.683712747204021
4.417357833604968
5.1350785513354245
5.9411018447955195
6.690092524692718
7.453084998396358
8.218243978148976
8.937045607086526
9.688022405937774
10.457359993943838
11.253330142369624
11.969584203049973
12.715438803277436
13.511365799989761
14.338479695954497
15.076462551312297
15.85516201736732
16.611551050118088
17.41344925218112
18.159743896889292
18.933139774569707
19.642521469552186
20.4531124596236
21.241427712635055
21.987446053100854
22.699144231770852
23.48612278458225
24.236260871636258
24.996078091392366
25.76564029402541
26.527561946579514
27.2853198472413
28.041256331911118
28.830527233038516
29.586403768462457
30.355060920493617
31.118193206646758
31.8914272006621
32.69425254091816
33.58119366062791
34.19529292466402
34.96347270632965
35.666485566632964
36.433605177820894
37.268521904673584
38.04016123269589
38.77107756952374
39.559237870262365
40.32145223733019
41.05334070146011
41.878218117261724
42.581544164606896
43.33494095261053
44.1086230290985
44.837620970588134
45.56886371256452
46.432134754197136
47.2335183553448
47.906806505856395
48.66461499050093
49.468398392460585
50.37832466636544
51.01346454923591
51.74399702754749
52.659134689534916
53.41203279908184
54.188212076208245
54.963238202166764
55.58479100794338
56.30201356651314
57.1705007249594
57.90619660636595
58.64492904509357
59.41572559530472
60.234455452228474
60.96857375160808
61.769770554490506
62.545858053441016
63.34579834048225
64.00820879421359
64.99840968958749
65.7015529661314
66.50184894361212
67.24777375114975
68.03231870154798
68.76855765696548
69.56037890303668
70.28785855570662
71.0370142771431
71.79282553651738
72.59676085885394
73.35042506557045
74.07197843625237
74.86687661279602
75.62763302945606
76.21214250075845
77.10071703343002
77.83497978252552
78.70367718395462
79.4688815999686
80.24569306277441
80.9865024435292
81.91059670428095
82.49696439024675
83.30704038902789
84.05665607863571
84.96760249150428
85.56058477441974
86.35979081952806
87.11989583579518
87.85292943456339
88.62493728963722
89.52936940966087
90.12976861371091
90.93997855541751
91.69394374059243
92.60345310919519
93.19659810412118
93.9290468218646
94.6921207687153
95.55100269738978
96.25399736752796
97.00984383908687
97.786785957375
98.55230123757916
99.29401228454806
100.08788793378405
100.76618062422709
101.5916429492862
102.34406161259619
103.05611359422956
103.81110909911652
104.57498213318053
105.38093910145501
106.08074801990225
106.82399313610428
107.78066611538024
108.3528801452181
109.14904757165772
109.8961691226922
110.81705128916389
111.52011996713976
112.25040522459194
113.05996651812428
113.8451931834694
114.60895050142828
115.3573154535245
116.11398644611042
116.88285365292532
117.61947749206995
118.58796310581106
119.15988292237155
119.91600758990263
120.6392962130418
121.42622788501671
122.21332998441511
123.05504987425041
123.82172288911035
124.54301695717854
125.29899788069613
126.05304866502581
126.83291491837556
127.6211437488375
128.35310084117583
129.0531304515233
129.8703794048603
130.60265432058412
131.45513438444874
132.23798307928783
132.9417024147512
133.72029911991837
134.51716469382166
135.30690263357505
136.03736464897725
136.8065117623416
137.58540640614444
138.5763714032582
139.1281538399072
139.87628687336309
140.63357024750061
141.43052692475177
142.16937789767462
142.90448729374518
143.77013657605443
144.5043447138941
145.22717229125888
146.0001147377145
146.77037069703476
147.54357331842994
149.09044884662435
149.79662072533517
150.70165008439014
151.46497902235896
152.15239259889995
153.00647843681517
153.77231668692846
154.4921956873831
155.25529679460553
156.03221519369342
156.79803629662962
157.6147407270932
158.5245006698145
159.11137688283108
159.92820913463893
160.6366826336372
161.3644450341424
162.23563142198887
163.0027363720415
163.75616736240167
164.61729370070552
165.30168559364728
166.0522777392652
166.8206458077822
167.64193524445582
168.39744423880066
169.13467141399568
169.90359404594642
170.803999506138
171.4537289551902
172.14907392283635
172.8584812791554
173.63070904793173
174.51926808811595
175.2906466614968
176.06936945560435
176.84676280851002
177.59934177060893
178.3608923231062
179.10280353019687
181.45178547080647
182.19180204723725
182.92881465789281
183.69983839292428
184.49361231880593
185.2906500766532
186.01771836337545
186.8476554717064
187.64734716074037
188.38233605169023
189.14477253883288
189.92137402954222
190.6608368293238
191.45422496763257
192.2376509115328
193.02469301521842
193.80959625998761
194.5976342533751
195.27603563026744
195.99814869804888
196.77681297597502
197.60253030916408
198.38994129922236
199.1528710355802
199.8963242368998
200.64203310175984
201.42074148468407
202.131707940282
202.91299244100148
203.7397314820748
204.51271962378505
205.28889789684533
206.07886625345188
206.87356445058623
207.68873736566923
208.4758601576383
209.2359537134525
209.9769105421902
210.78082551372447
211.5616040968627
212.2899095087589
213.04361849094718
213.7984820075858
214.54765412733985
215.2996658049021
216.0377870613051
216.7896494326776
217.5406876862396
218.3417506653416
219.10114150953086
219.8299118431137
220.57792890952615
221.3179815677487
222.05774448951652
222.8725931276069
223.61002106875725
224.37592408990338
225.12061077571548
225.8887991109593
226.8226811527492
227.4440604267908
228.20314982638828
229.22829814656188
229.91870074244503
230.54001738692762
231.3160829377184
232.0332735076516
232.88592345290255
233.67106970811724
234.3731028218072
235.16613329510676
235.93392087882484
236.6809862755323
237.40290278001123
238.20978433175253
238.94693797923705
239.73605683442557
240.4528971498774
241.19189895986094
241.9562139624577
242.82972482717838
243.52095270527852
244.29263879573205
244.97103698728648
245.69120453838863
246.47519746474123
247.2572062923739
248.03714625048548
248.80114142237184
249.54967335147182
250.2921503799233
251.18898684322426
251.85239221595407
252.61926233649768
253.57684369944928
254.28900920092954
255.04024518890228
255.80101131736978
256.57434012526255
257.32339620493997
258.1002160508114
258.9210227603982
259.6760496531438
260.48988927505366
261.34508214145296
261.9802998431111
262.71671195987557
263.5102247443849
264.3298704995764
265.06677470333545
265.8808655119018
266.7990196147267
267.3993052116697
268.1942330332244
268.9682141786708
269.7811149607259
270.572733763924
271.4489021606749
272.2289848668661
272.9060834332183
273.66984886630064
274.39711058205785
275.21598613208783
275.97490461373843
276.7333096783043
277.5024187539909
278.3201271927221
279.1168901250102
279.8569542526715
280.71989648683723
281.36923309666196
282.1741339857237
282.9812939633273
283.74790332445093
284.5021100826445
285.32482636087127
286.0512519298137
286.82537144916034
288.4742319172097
289.1443240877429
289.9471579891553
290.75039734209884
291.5334000391313
292.3131223461555
293.1312159760828
293.8802807849288
294.67229370717297
295.462913903518
296.1862274509246
297.01478246530326
297.80482175300585
298.5351814206056
299.3562247283731
300.14310111213007
300.90404666458335
301.69805622312776
302.4963197697388
303.37876597664456
303.9724309425607
304.7900551111999
305.53049757004936
306.48599447369514
307.1565136072023
307.9644899244085
308.726186280089
309.4805278568106
310.35385841725076
311.1225566251799
311.8630020333547
312.667887120093
313.4184379132638
314.3429063755539
314.9432504406234
315.77302304125215
316.55940810450096
317.33426423148825
318.2106635868307
318.88135188256877
319.8000047152843
320.4490290096003
321.1982228699939
322.0060020793876
322.8043792421248
323.537869925596
324.35234624959367
325.1464532367871
325.961007424185
326.86398220445403
327.4082800966904
328.2605063169757
329.07152698888757
329.819162650472
330.61529382306054
331.3913690787872
332.1704299040234
332.9455043237797
333.7445171479883
334.5382950897487
335.33621672428865
336.1274375884437
336.9909432393185
337.827191564089
338.5183220646688
339.3175505175419
340.06058366404807
340.83991811425534
341.69520189598677
342.42633117424526
343.1833685884066
343.9481009250654
344.7626777881848
345.501175964167
346.29042818969725
347.20029226116446
347.82145201964204
348.6084937891095
349.3864668731152
350.1581889325595
350.93712459615404
351.7182551147249
352.65888258955533
353.30157027061233
354.0743936414832
354.84609507952814
355.62460888602527
356.38919127922816
357.1852201652928
357.9213116251378
358.73990799186834
359.5216633428954
360.2518127296626
361.08079173070473
361.8215482966494
362.6631213988986
363.52728604760836
364.2049156127469
364.8679887720863
365.6534980440538
366.48670363524855
367.2487446802846
368.05646426429007
368.82433141755683
369.53543457879033
370.3405610894477
371.1680903681176
371.94254152457694
372.6935366562659
373.63776363116244
374.36823869632116
