4.353533192996987
4.797535262802299
5.562584163881509
6.288598562596011
7.060849041670988
7.7890541697761755
8.55383462393493
9.280720486272891
10.020156694045951
10.769132940140786
11.553341609044345
12.298234163001972
13.043755622230446
13.802758053851434
14.552357622262427
15.307087701371398
16.065271933261904
16.84279592200958
17.628226047498956
18.393218439341233
19.16354832604982
19.938276915059028
20.72847301551633
21.48028632023354
22.2507777184857
23.00860440121111
23.79242324210556
24.562264829464432
25.345901676607333
26.133526129925425
26.914461686476397
27.674393604240905
28.443894059876634
29.215147200047596
29.992517422805697
30.759086988106876
31.51407967219542
32.27893860892793
33.06002108074455
33.80346535661647
34.605436134107876
35.357408076045786
36.1099683555955
36.86531116359081
37.636274183109414
38.40555393453854
39.16756835776668
39.943862035489005
40.72670251475372
41.50143124339466
42.24102395317064
43.00657991280896
43.77341180634704
44.550281114440644
45.30096355068483
46.068430354802224
46.80679925408065
47.56851639900903
48.358964907300745
49.11215175589679
49.910050766843185
50.66728240532966
51.44089769495851
52.2400137119682
52.99774672877266
53.77601800051138
54.49999736555672
55.285423280992795
56.056337642943035
56.82359564289129
57.57998647872385
58.33329537422726
59.09785529079437
59.85450250947671
60.63479742871796
61.41235158454914
62.14999774077773
62.89705094590456
63.650746772821535
64.42885132600473
65.19735456971084
65.97522291104526
66.73430788135283
67.49253245516144
68.26345547801944
69.05063135634457
69.80764337573204
70.59133248831768
71.35126069660063
72.09675012547447
72.86229176303823
73.63107634648694
74.39163527337456
75.17616331036987
75.91351083586719
76.67308219713743
77.48423780334838
78.22305504824917
78.98983576994958
79.77163300411641
80.53180253230278
81.29336288490177
82.0526979673508
82.80705594517983
83.55399903581487
84.32354773805773
85.11898158111165
85.85373932187574
86.60673803394855
87.40387686804723
88.16427268124224
88.91035677575323
89.65880116600928
90.42491616151744
91.18095128916839
91.94678445492683
92.69816570604146
93.4686251472514
94.24742023108217
94.99621733690361
95.74290110444441
96.52109304711426
97.2842662495764
98.03712124191371
98.78492855734076
99.55494159745041
100.34512409123664
101.09620778346786
101.84216847957774
102.58939581458364
103.34977340687894
104.11572644306345
104.87841245431743
105.65942979559125
106.4151628274725
107.13988325828612
107.91287078046705
108.675222701481
109.47339946328466
110.21524385273415
110.9785013592489
111.74451295810007
112.51837047536698
113.26907620788884
114.02112436453396
114.77587650534392
115.54027777650028
116.30584408743513
117.05503138237766
117.8251226337332
118.56886261527637
119.32761043280294
120.10298775759244
120.84091629152238
121.62053226903467
122.39837552085118
123.13993187125644
123.89367132475853
124.66548121297443
125.42068102366724
126.16968356552391
126.92175491272486
127.69808300384605
128.47296390147434
129.24057668826737
130.00189415347361
130.7960076693984
131.55880849872915
132.326806768673
133.06467006170584
133.86468277150442
134.62453591741544
135.39860324847808
136.17305412215094
136.9520030789205
137.70443670020774
138.47212813476608
139.24432639000705
140.01223788491586
140.7881644888918
141.5476064677211
142.3195235880288
143.0850495501968
143.82233709991692
144.58164104274803
145.35800514656466
146.09667909560835
146.8622758876965
147.61331515671782
148.3948262722881
149.1240403092533
149.89699680478685
150.6611020291371
151.42919004104056
152.16114971401893
152.93269944893018
153.67624830982533
154.43550165589124
155.1886656744706
155.94405663861866
156.72613374572967
157.4763114599819
158.2147477814657
158.98747981513225
159.7345292331769
160.49354417605346
161.27959270852182
162.01685794522177
162.7640935678766
163.53776955719331
164.34394147481544
165.07966281322663
165.8623020166813
166.61345433616526
167.38105511733357
168.1405068140208
168.89756829956505
169.6609113057832
170.44625415307056
171.19110474735663
171.96296339571632
172.72279940610676
173.47295088498697
174.2523158104936
175.0203794825245
175.77111587439032
176.5328742075593
177.30765807966225
178.07461621948795
178.84658096107557
179.60035585643809
180.33954191479654
181.08842778244818
181.8520647322
182.6448539248426
183.40269240370145
184.15674644324594
