3.20259208514409
4.25811270649983
4.706438058231029
5.297140967929307
5.749580659863575
6.349535649120078
6.810057920073563
7.417856934249647
7.879223570564489
8.454875314738267
8.887362238991276
9.474756647148336
9.925259226218673
10.519310057538434
10.955415010502376
11.53695744849985
11.990702868158298
12.565596618292926
13.031776508525233
13.625622284303695
14.08444303405936
14.683786345827942
15.137135667842841
15.702967552562825
16.142349426853045
16.727556577324087
17.20611888225443
17.802294053751428
18.25608302489995
18.83186258183614
19.298851903739
19.900666176603885
20.360628781568177
20.918195298005934
21.36495310186607
21.945971204033068
22.40013737680335
22.984854863917533
23.444345723850233
24.029237419736546
24.394288574039475
25.161301312619138
25.42963656538519
26.201330936396694
26.494044037011452
27.26168675827588
27.52162591555758
28.293610687807515
28.56210112321216
29.33370406683779
29.581728444075804
30.36064048213934
30.64919878263251
31.433822962375984
31.70229922419069
32.541176764286405
32.81783954628119
33.593528196122335
33.853731442515766
34.621564641219045
34.881874734675115
35.66506060477002
35.91709089886434
36.716952987716255
37.01420115254514
37.758205298874756
38.017957897793124
38.80119410645653
39.06133084600485
39.845439965019956
40.101027103338836
40.881788439763426
41.13346839178841
41.91722393875389
42.181294031223686
42.945287108112396
43.19712769415673
43.961461129567624
44.21303738421663
44.956911790771144
45.22963673759808
45.997146403226594
46.261757878375434
47.04527052488308
47.30137057755933
48.04925836057747
48.301355646084076
49.08545384604045
49.34947596635968
50.10900089136369
50.357175484426726
51.137590080719036
51.39368044205173
52.156991831989785
52.41314785217503
53.16932437460311
54.1975041719741
54.46953194777441
55.244554883539465
55.520766048924834
56.29272536507106
56.56922690733754
57.324669123110695
57.59690502051374
58.38522099993979
58.620743543998586
