1.3250100581795154
2.282386822017366
3.152646713034216
6.64209265814803
7.51050834001796
8.410768049277086
9.264723837576245
10.171814282462632
11.012140261071115
11.869742835746223
12.765695016086937
13.64214379460094
14.5178612988282
15.404393139777483
17.280102861881083
18.19011534218665
21.783051534361476
24.561563761771254
25.45057173954259
27.17351450771001
28.088881557993155
30.797570499183394
31.66785104487395
32.53843413478788
33.45365933103223
36.05382668802612
37.75121365074477
38.663495616280755
39.50577036619137
40.40184151122219
42.14869773705309
43.017207818153096
43.90246259417249
44.78393732050067
46.509332108435714
47.34714276378091
48.2126144959543
49.08927795562457
49.9688876220188
50.81922685376201
52.550461478936654
53.398638258689374
54.290201662524524
55.14161110470631
58.61780931422784
60.33093768916973
61.218758697969015
62.096733831112516
62.98177333325755
64.6717282778618
65.53744062601503
66.41324923367218
67.24553822122982
68.14907740454285
69.02379209684423
69.88197273747372
70.71856332721366
71.60079898394491
72.45662439956813
73.32144269890247
74.19126750726235
75.07605818844351
75.9624798950039
76.81756788502383
77.6742041428356
78.52457865333282
79.40816117827336
80.25512429726973
81.10510259566175
82.03645819473181
82.95943014011861
83.89085484875902
84.76321549078142
86.6337123475445
88.52030415377058
89.42561806606763
90.30706795537884
91.25493297470787
92.14664231140472
93.14360394930287
94.06167147536459
95.01915748406705
97.66179364255197
98.54009634118955
99.3931669194178
100.29818143131521
101.15536802136742
102.0541552788973
102.87990580962409
103.74922103155805
104.60203018065323
105.4796502827764
106.33616212651805
107.23815276609133
108.09200472675485
108.96631478809094
109.81841587787527
110.71264576404153
111.57677077036121
113.30022520689913
114.18427374534149
115.04961765495543
115.92739271303257
116.81429788697233
117.6957072471825
118.57128094231179
120.33838774128523
124.7072037647714
125.560661263996
126.43498953804504
127.29431110013073
128.1388961486705
129.06634398916165
130.81815705858045
132.55137377224878
134.24066470432714
135.12626593050106
135.97796962220048
137.71582269885778
138.56364205690335
139.43556964951665
140.29878207597397
141.12412864242594
142.01560071767446
142.85379037184032
144.5599651147885
145.45447806770852
146.30725662270703
148.01372067883364
148.90290524796268
149.77141692500678
150.6566196851864
151.51122348700954
152.38864656273586
153.27492935737672
154.15153867599926
155.01194076903778
155.86854127138525
156.7437536330001
157.605371258581
158.4198449044037
159.31318994378537
160.1788337341201
161.06713987526763
161.87553913905091
162.7311794157194
163.60551133741532
164.4676305913035
165.29463742561128
166.13686933356684
167.07356037525915
167.93061126238985
168.78247067222384
169.6455152496436
170.53331692678947
171.4086292675991
172.2751563945132
173.09612543977576
173.9692473632936
174.84198538907606
175.69244023292742
176.58557002408097
178.35571964741305
179.17551072721068
180.03935779746018
181.7574490200518
182.62761244431533
183.50396261700337
184.3505427363932
185.23837271283804
186.95384084989814
187.82619533350683
188.71153935956235
189.56194697829756
190.42438602036765
191.28775903926703
192.1364749032336
193.03924023197072
193.89435554552318
194.76756129834257
197.38732869554826
198.23504530231145
199.08548025502182
199.9146838015514
200.81408424666265
201.71059726389586
202.54682357159916
203.3859414401282
204.2569313714446
205.12477120574482
206.00532508902182
206.85759344212107
207.72781354395383
208.60194130608005
210.3640595211795
211.24378769103635
212.1080234514717
212.99442127182235
213.8703671744821
214.737681348078
215.62041382022574
216.47735752336257
217.3282960937279
218.2195105081123
219.1032271471848
219.95688694202198
220.8236944467097
222.58438129107202
223.46157484938766
225.20509103308984
227.86044581777733
228.7285275325496
229.61056768969019
230.47188813209203
231.35159663221714
232.24759259776292
233.1374564818097
234.0164340852138
234.86565019000386
235.73354620010255
236.64034660695597
237.51476093010933
238.42592459362777
239.2944084506271
240.17942271014653
241.05390589265875
241.9214830227486
242.84453550974916
243.72224483609017
245.41795414547238
246.31357381100793
247.21318257402447
248.10263032123865
248.97084191591864
249.82101751437875
250.69554262188655
251.5862304162988
252.43463190590847
253.34348276023752
254.21609897953618
255.1054871499788
255.96596371675275
258.5624795496737
259.44347795295516
260.3520489831009
262.9751796578525
263.845859256356
264.6849465310127
265.5120616716925
266.3819073916877
267.2628337031023
268.1109787732894
269.0013532727132
269.865400829798
270.74018787028115
271.61449331559606
272.49030336098923
273.3695118361188
275.0854427430735
275.96202924602994
276.8679634903559
277.7109288254099
278.5870705329769
279.4790675290259
280.35831918775966
281.22572661356287
282.10836397929825
282.98197295207723
283.8337424135381
284.7603866306007
285.5967917628831
286.4810839062839
287.31343489266703
288.166198817211
289.02518667729584
289.9039508193913
290.74544100058256
291.6466601157952
292.4837624763063
293.3409541856922
294.20086620019765
