3.3915922285910796
4.1628108193978495
4.891365107627156
5.632602251181135
6.325770227139613
7.160007271598332
7.99313508902464
8.75303289337213
9.510838731751116
10.248500420153892
11.020561938461562
11.76914219968431
12.59028702972648
13.389477731645165
14.154083949051852
14.913284690658465
15.725052707182364
16.41791979152086
17.223333853510177
17.990156080029656
18.725668772565726
19.494749013249926
20.25832559538808
21.023123383063442
21.829168302760184
22.599339812834614
23.361782438250817
24.12727179962144
24.838048414809485
25.568054611929487
26.58627198936975
27.317072330192428
28.0620227132801
28.821136891911102
29.581403808969455
30.327810497864185
31.29592787714857
31.726974822764802
32.7053777461567
33.46463346079874
34.20849549539088
34.92688972266399
35.65969590830898
36.423538167009994
37.181706145130896
38.110728182510066
38.8544626257067
39.63522784213125
40.43452998563164
41.170806280505104
41.93095665453349
42.67214704429817
43.434326302573496
44.16471162894034
44.885759184791866
45.621747165200304
46.35450156764569
47.092482944945566
48.05521975170069
48.78292864501332
49.55616610926069
50.29092621048983
51.086545768347655
51.79601045525415
52.585416253404944
53.32959606003553
54.08104312913538
54.82242230654569
55.585805795613204
56.37445273231553
57.12555094963702
57.83686626114641
58.57847721664531
59.53005688120916
60.3087382222175
61.05466366461344
61.81668313686981
62.5428984113654
63.290014419182455
64.01526276041629
64.8042082063413
65.51659208865138
66.51540311476205
67.22810723815232
68.00891802758493
68.79657018877751
69.53844702523202
71.02068233855562
71.78425965116429
72.83259060241255
73.55078727273694
74.31577417423526
75.07478097910075
75.7980748515153
76.56082169544334
77.3316919163316
78.08649538940921
78.89848440675263
79.65076346085483
80.39332857056371
81.16111742296331
81.92436572592865
82.68142909501665
83.6738843219409
84.39362055649767
85.11997379878093
85.84345848499736
86.6403598925391
87.41076390277064
88.17147899589182
88.94519306060411
89.69350006232105
90.4186175412413
91.49938529593197
92.21009559067126
92.9295109843711
93.64557546622328
94.40588369826614
95.16210367340516
95.85327484183541
96.57709605877966
97.61274564007812
98.28818791074514
99.05329367707175
99.80262581689541
100.58953101611155
101.33959234241424
102.04329218161564
102.75527014186282
103.46836522107253
104.46712295678407
105.1920226829725
105.91772224825931
106.70902770488738
107.49852409703642
108.25851971086027
108.96105302154777
109.68080656129297
110.43631961474586
111.18783643502488
112.20607572523632
112.90005192133466
113.62266786884084
114.348503526206
115.06920872130382
115.7837569937343
116.54093393894553
117.25621202660288
118.27939578380355
119.00072001165788
119.71702925424029
120.4233733817735
121.16637539805852
121.86232794598499
122.59832230896743
123.62557072171369
124.32312272058644
125.05055574401537
125.77159373641015
126.4837146610594
127.24722138414741
127.95553063590515
128.70073268575123
129.47469384945782
130.2385448401795
130.99504530648943
131.71454040595273
132.45447734291494
133.2154780949099
133.95401744695602
134.61776571866045
135.71100786145607
136.43873597701963
137.18126227216874
137.88209742872561
138.57532120821105
139.34983249037862
140.09309426008872
140.81212665779378
141.564867646665
142.35284891998663
143.0678487849337
143.88902397750212
144.66570844721636
145.4124418856034
146.19388073051906
146.93583951734206
147.66409170344278
148.43409230019478
149.17666015329564
149.92683693188195
150.6672546378902
151.39173363177377
152.16157941115034
152.92014182969825
153.70022688661786
154.43029409572495
155.20065278190987
155.93206272399996
156.6870144822894
157.47876750110507
158.2387731823639
159.00595368894625
159.75351484430684
160.5090610024898
161.30548460026813
162.0198982743331
162.7303559651463
163.45578990430755
164.22546051669204
164.97100237744593
165.69224905629488
166.4264863653965
167.19543306754986
167.96230666413004
168.70065691998772
169.43243205112532
170.15745041662382
170.87382357885556
171.63502950861388
172.3798240651592
173.10019766913697
173.8825595097028
174.64638777443088
175.39742771006343
176.1265010473673
176.9125185927528
177.67818325303512
178.42932960224346
179.18895944361938
179.91999272298563
180.66320404804418
181.41177792992852
182.16359171181023
182.9193672512476
183.66315995138675
184.40708697106632
185.15104785051554
185.91378415632235
186.66197690742754
187.41530860632554
188.1547610975918
188.8859019244402
189.63845112577957
190.387969577334
191.1415552590074
191.88141187830297
192.68839072606556
193.4768571964441
194.25308233053732
194.97082589265943
195.7181779683456
196.47819618455628
197.2389468188071
198.00406160739666
198.74460406946812
199.4919344651915
200.26006063235332
200.98952169789203
201.7491324443977
202.52485897940653
203.28156864453646
204.03660652751364
204.79559080190973
205.5198986415637
206.2108308708269
206.96194886795655
207.66119312312026
208.36396060126134
209.13353288518064
209.86875407281775
210.60360492536174
211.34217828350057
212.13087951078907
212.8858062966313
213.62043047012207
214.34635562475665
215.09283244061407
215.8495140421038
216.62770030285625
217.36792581352006
218.1239066599133
218.8356442914124
219.57434116006428
220.29085425857104
221.05082378196892
221.80385746132546
222.51208251736227
223.2302683421952
224.09650928532653
224.8274100097597
225.5990914646791
226.361195889032
227.07734719623383
227.8438921628112
228.59531095830624
229.34536449354363
230.14941601725707
230.8639901708289
231.6066468505262
232.36672650897813
233.161409901186
233.91163101526553
234.6474227056675
235.38856633740647
236.17916671007094
236.92494356121665
237.6078979273687
