3.518931535653814
4.308232293142731
5.127537554065989
5.915518007974342
6.72173066303294
7.52773064720224
8.324815338577135
9.124880578670044
9.920789141311891
10.751696866167293
11.540796470719926
12.341233627241335
13.126293439816287
13.933640632876742
14.706752448441106
15.510999426912232
16.323863151428608
17.126104671941405
17.900884958238333
18.729557195099034
19.519357299934214
20.313771164961288
21.156088342768875
21.956041293972497
22.746467078393408
23.530808633614882
24.342608031195056
25.155398555384934
25.94130022495807
26.734689156112488
27.578887498345722
28.381485944951507
29.156252461017495
29.9761626630806
30.78892760726184
31.600776409779662
32.38454151992505
33.16167719567967
33.97987406412027
34.78026597505075
35.53568033725785
36.410966545054464
37.20284456522739
37.97903862016208
38.7400471264954
39.54321154828006
40.3742879018689
41.128507593310296
41.95648939401355
42.76406820324607
43.5689709413542
44.3800574197213
45.17528908879777
45.99064286525526
46.77944283736513
47.5667152351989
48.39589749272829
49.18485886821642
49.95386949653651
50.7657934053552
51.56441007170564
52.3432048000788
53.145100023480396
53.96013115661398
54.76566504900667
55.54569275692988
56.33748405520388
57.1279282253025
57.910011597601994
58.71090984303872
59.50522297812381
60.30989241866504
61.07766930976527
61.860588252486224
62.62998706525158
62.91875671121216
63.42614139701875
64.23208365734867
64.98794676423843
65.7785637384075
66.5863062269768
67.41615490807229
68.1783483704473
68.96137208735502
69.73038617044837
70.54903020334925
71.34524137695507
72.15219162968356
72.94445792619887
73.71777662016996
74.54999075813954
75.3704623360273
76.13852865348596
76.90845771675507
77.7115463881375
78.52964620188362
79.3189927210132
80.1347845378196
80.90057109904714
81.73049831607003
82.52378578312911
83.29098634658992
84.09525981301991
84.92464868728953
85.73326270628027
86.48243094282708
87.27000753097036
88.03231771012307
88.84040676396083
89.62041254266794
90.41862243417742
91.21295318239487
91.98574566479299
92.75688570062653
93.58808356175146
94.33852017321847
95.12847918506834
95.92019668526932
96.7240255526169
97.49641478114262
98.31614899391374
99.1163189505082
99.88433153220598
100.6480587988884
101.4448278905924
102.22687567413104
103.01084906778041
103.78920019884723
104.59317012092615
105.37751141427947
106.18337707070299
106.9391744375499
107.7042555628363
108.50559469312687
109.29845622020454
110.08293747968175
110.84160681366747
111.59449986589608
112.43494388646263
113.20712415502454
113.95375118241495
114.79944224773367
115.57699977217388
116.3503747890476
117.15616856536467
117.93991995949959
118.67087360075544
119.45766674698802
120.267152042001
121.01227254861206
121.83972525892995
122.65552422740194
123.43505973984423
124.17881521917596
124.96385876459163
125.76520450775959
126.57032255499534
127.34027951854716
128.16352262049583
128.94744003889576
129.73589359679448
130.5060341909935
131.2969620392186
132.0622818819454
132.8536507476296
133.60767403516357
134.34963666459115
135.1463384831122
135.93413520363782
136.7483321775333
137.54080200513383
138.28464710407826
139.04871513403367
139.82399996830446
140.63209450362407
141.39993279365694
142.1630746026361
142.94524011858726
143.71219682087735
144.49828218528765
145.2773085450358
146.0767134778735
146.86400808424293
147.5997047659422
148.36106378594383
149.19566745818707
149.9829618134723
150.7289627486865
150.80273234786156
151.46190441142267
152.28865096351427
153.13207107521663
153.88381349038633
154.59071384324767
155.35398240186584
156.16693745081767
156.93475306521435
157.67180877554443
158.42703356441285
159.26349841337247
160.03986391274748
160.81840300682398
161.55288835243073
162.35504382644132
163.13012750658612
163.91544891873497
164.63968307682146
165.4124834304442
166.2030982778576
166.98827079192196
167.755589694143
168.51665480289677
169.29250764870932
170.05866199846713
170.82477462082588
171.57681265711557
172.31451711239248
173.06496887983812
173.8482663373075
174.61492673233363
175.4046195563362
176.1577284331699
176.92719778498991
177.69405225300892
178.43299413577893
179.21540109570927
180.00121726857986
180.79227626447488
181.52888389615543
182.26207581912078
183.09642267510617
183.86071240054548
184.5898474307501
185.40182731546668
186.15201833941398
186.96139622432673
187.72506491307513
188.47117407525786
189.2493001489018
190.0252414914333
190.7793386550739
191.57283271096605
192.29616545633763
192.53659125526454
193.11429159562954
193.87156694602544
194.64347184040807
195.43259602703287
196.19431049960295
196.96499715708984
197.7327741175543
198.49208609137378
199.28738261964492
200.02795629439987
200.85566176810468
201.59404489084142
202.34902966147712
203.12160598923435
203.86844827332584
204.60068246899533
205.38674369829138
206.13762525398627
206.9619286822225
207.72403326741818
208.45982356210445
209.21982916957376
210.01911196393294
210.78026188861128
211.64286121154436
212.38167077269213
213.09010692305134
213.8187566693366
214.62249753355331
215.3927997427777
216.18693278552706
216.91174387486456
217.6692451094788
218.42466276918904
219.24927504453473
219.48915995194247
220.00055437763413
220.76116561543108
221.51863390209223
222.2932955158809
223.06956150608468
223.84462202319463
224.591661870985
225.36459396207653
226.08281510107474
226.8376885156239
227.62449986328028
228.37951200458897
229.1335445938957
229.90798257300662
230.59408000068552
231.44689246351865
232.1192840573243
232.8889621444808
233.64877510118365
234.4130735776622
235.1684386600462
235.91799253158362
236.6854411651169
237.46880775229852
238.1857303811468
238.9992451201494
239.7645887615348
240.5164881751677
241.24091096054468
241.98825624401914
242.80209332224385
242.87616149133703
243.59456027154638
244.34294396474886
245.11317870941576
245.85445560238242
246.61543806779918
247.36818236795108
248.11243385210497
248.87188651208828
249.6485368180995
250.40147947401113
251.14645185137084
251.89167102814292
252.67167637143677
253.41725650401426
254.1845893105812
254.95065010585492
255.72405420242285
256.5020491570519
257.2516544758823
258.0306638888527
258.76484041482837
259.52257166119284
260.28031678711056
261.0208341019392
261.8014490711755
262.554757679096
263.2924962397186
264.0382274865394
264.79940644936755
265.558210140917
266.33669380219163
267.08702670351585
267.8451570850414
268.63731531480187
269.366728026436
270.13860465557275
270.88542512395856
271.69052751651486
272.41478124568874
273.18737584200386
273.9146379427576
274.70439119285646
275.477634036798
276.304166010152
277.0284065371084
277.73282318369564
278.4729022780954
279.22125429471487
279.94088573696934
280.72488360887485
281.53189181836683
282.28830927254944
283.0591851779957
283.84434172560475
284.574528607588
285.30740175549204
286.0619907106873
286.8271504054613
287.6102733872091
288.3757926013873
289.1675766010854
289.8794524203092
290.6525093398109
291.3611075133519
292.090750222432
292.8621920399855
293.80409074243835
294.39801384032774
295.1505254935629
295.92873950833086
296.68796521392767
297.4147169715624
298.1922906514617
298.93196815446964
299.72917087167093
300.4652656061738
301.1652554312283
301.90822986698805
