0.7854027755472969
1.907555481199785
2.974900965440199
4.0536155119242485
5.06155963262736
6.120220566414911
7.175837262475609
8.303287432176853
9.314931863180178
196.6697946272946
197.22411479497046
198.3799381492878
200.58905201293544
202.77945744073935
203.93869493640804
205.0442563980386
209.47449782685317
210.64517062140416
211.72178526701163
212.86268648771392
213.9496067982675
215.10259380940838
216.19196490213102
217.32353018229227
218.41100549347922
219.50401439057805
220.59840992502694
221.73478919886645
222.8525669056218
225.06013892654641
226.1347332918859
228.45039149225363
229.52386866365686
229.94763116174667
230.62265476705392
231.68904489889036
235.03809728522867
236.1111886286173
237.29227987903693
238.38010998722012
239.50783328389443
240.60237992444274
241.70372989441117
242.8429226659615
243.97876949430764
245.0836434571818
246.19698398457817
247.27304051835915
248.40458471740467
249.51807706241237
250.62930226268963
251.73446935520218
253.86136644945805
255.0319614489839
256.13339026598186
257.25267651383
258.35697008070656
259.4921097852117
261.6766832390105
263.84523581236976
264.35412030221505
264.38272356614885
264.41307723245245
264.94275955793375
265.44863537535036
265.4775366213715
265.5066589300257
265.5896772772476
265.6194373494437
265.6497724861308
266.1555018944306
266.60700896399976
266.6465631935355
267.20601366874837
267.657417101742
267.68631942506636
267.7161240976183
267.7468108660961
267.8274984983547
267.85640082167913
268.27577344262244
269.32879763250185
269.83263329399017
270.4683188723835
271.53651147182137
272.66963873186586
273.8030029665678
274.90804259770374
283.8746980743663
285.01054569270724
288.33494106413707
288.83769565211145
288.8666921317425
289.5171140822052
290.6372095941449
291.684110064825
292.77119193351297
293.8697571702056
294.9822369099665
296.0693481947415
297.20768917042204
298.25590806059256
300.46790330491103
301.5738566497769
302.65011414902256
303.81035081357913
304.93945034588313
306.0149650134011
313.8205146035341
319.9688986400674
320.5655099879639
321.6769162648064
323.90143468972036
324.4049434032208
324.43415469712596
325.01167326644605
325.4642391096791
325.545017652804
326.1443801530455
326.6544609548286
326.683173457315
326.71347088838735
326.74264318391374
327.2486560651466
327.75765050683884
327.7865508910173
327.8172624374706
328.37511649938716
328.82687738160917
328.85666460184797
328.9363773803198
329.3871852800601
329.8917950965899
330.4907261114089
330.9983633992106
331.0273519067974
331.05728628666424
331.1382405219552
331.16781917627895
331.1974448010257
331.22785793447036
331.68366372423185
332.1356473927722
332.2209373214441
332.25042009577595
332.27982121051906
332.31015419259967
332.33977033707754
332.7843450175628
333.2357068666498
333.2649946490879
333.3489184829456
333.3774721909284
333.40693385011593
333.43725067264734
333.8204220250818
334.3214965975891
334.4039503065226
334.435179820393
334.4641049825469
334.4948145898543
334.99178325534405
335.44390568054695
335.4739396032369
335.55690488306743
335.58670977108
335.6165493482582
335.6454525334252
336.11005893254526
336.5627355225555
336.5922245452463
336.67593165059554
336.7060825684217
336.7353061435843
336.7653071007939
337.23098588884676
337.6836178785012
337.71176264215893
337.79645592083074
338.2613876974967
338.76337689520045
338.79281808562564
338.87756807058815
338.9079172122179
338.9376290212271
338.9679025361666
339.3872387442591
339.8917355750471
339.9204373045007
340.0047115299212
340.0342414901367
340.46956056969526
340.9745832272399
341.0029400041832
341.03243010417725
341.1150149580789
341.1458715095537
341.1743847109332
341.683301965216
342.1357471504817
342.222105794992
342.2533111772689
342.2822376321868
342.3129483167974
342.7094459108088
343.209811239263
343.2392748375964
343.32270312026145
343.35290962693693
343.3822471807866
343.8659401714193
344.3169493114123
344.3478358119183
344.37675688031976
344.45823727520394
344.9224093375966
345.42576071900123
345.4558508769224
345.54017670386696
345.56997469713855
346.0193191881029
346.52698909100536
346.5558916297904
346.5858591905983
347.14733964186684
347.65078308900246
347.67992737464357
347.762894089376
347.79288362717085
347.8237819780129
347.8526834394947
347.88339347772336
347.9122960165084
348.23563954673375
349.8803119541275
349.9634054632391
349.99363330051955
350.0230236422299
350.54989385596014
351.0017396296806
351.0869222980719
351.1173453427067
351.14682596243193
351.67089687215446
352.79074780150165
353.24339788985117
353.7669353288608
354.278579929677
354.30838567953225
354.337287141014
354.3673208482433
354.3970529105542
355.00461445134727
356.082886534337
356.58572483669974
357.23925697616295
358.3797634820373
359.38707449020797
360.424456044074
361.50949356994386
362.6034130684454
364.80452791323484
368.1679190167308
369.24982213664
370.95276566105207
371.03453075580114
371.5148263854683
376.00294049027923
378.2015010996217
379.3704455585474
380.4507705448875
387.1629579599273
391.61524779926333
394.98460839535267
396.06044614522375
397.20014878455686
398.29981710103715
399.41803721217076
400.53009566391984
403.92783213643236
