2.209372360519553
3.1550610457431887
3.952526860585888
4.783095650015406
5.632898962424765
6.510538981099064
7.407349654728068
8.245380178071297
9.089511591361115
9.970576939291824
10.856834016793396
11.707347129994892
12.556751269036976
13.429514727973725
14.309281318493676
15.120171101854995
16.002044229270588
16.88884195183162
17.697092201892975
18.5426503078507
19.40236554437593
20.253520969628532
21.14412626441813
21.981062485811545
22.895046796861553
23.76595714342866
24.62906407206317
25.509484522396832
26.400751952134474
27.27619210912797
28.123826133470867
