2.589238056666042
3.254371974545763
3.954984965681538
4.663193000184707
5.343063384530347
6.034612827932951
6.180756643010908
6.727303410784296
7.405244323720908
8.096193803043223
8.8080317386832
9.520857086505925
10.188865050757752
10.873980372427924
11.560783972807078
12.237796411636056
12.934368046353697
13.634647527092877
14.345599536508631
15.025140503131531
15.742587097440621
16.435438463468188
17.100719103834187
17.75713626531704
18.413900189537745
19.063249254671817
19.71424814662268
20.385105435979582
21.064869195924647
21.691549272316028
22.380227953228157
23.035236796575674
23.753715444995066
24.36384362151842
25.010727517468485
25.677207888456078
26.3269160724816
27.017446504533183
27.645444837189594
28.345386082475073
28.990352175898824
29.67768585527493
30.30645222482932
30.956158922135153
31.618986540033312
32.327688123111145
32.98037015182937
33.645728483417756
34.28979988434443
34.93922511848653
35.60421519483764
36.235760621392224
36.854957578998466
37.48970850365258
38.2119663554181
38.87551751909304
39.56601302053506
40.24584077755579
40.877833198615505
41.5211074889404
42.202152281185526
42.8252760594775
43.45588595347641
44.137163743922216
44.824050653436586
45.47993699759262
46.15788475889763
46.831987313118596
47.47871089146978
48.13514986045077
48.812382132364036
49.51325919272349
50.14575889992197
50.79729324147854
51.47217271931672
52.17826020491646
52.77196063218629
53.418761512786475
54.07790691712442
54.78247167881265
55.42354661040912
56.095497004879334
56.757167593762475
57.41467959591375
58.0575413753895
58.69653555574155
59.34122612118496
60.03264067792891
60.68267854160179
61.34108431315762
61.993352420929526
62.661573668963555
63.31626180782058
63.94052086443861
64.59248740508819
65.27608361894227
65.95685886528823
66.59263689787228
67.22995205512504
67.86037711644667
68.52456397686781
69.20895512174067
69.85491434455145
70.49483527521245
71.154199231041
71.8116690155829
72.47880207663152
73.14114363072659
73.79416628561302
74.45311465930507
75.10945821546596
75.76950292619978
76.41864763176277
77.01573921791827
77.64695180453558
78.27919555483308
78.96381485725404
79.57186191288406
80.26963114457817
80.92657539809773
81.62074795819105
82.29743637124372
82.92246541658957
83.56684323394659
84.23481381863073
84.86999355671196
85.50721747276415
86.2108263404778
86.85917981952991
87.53017799068002
88.16249972393942
88.82489763300106
89.45185713381409
90.06957073976298
90.76791626162432
91.44246657855857
92.11283894262922
92.72672864761893
93.38800895815626
94.04080762227596
94.71427273635473
95.3559108124054
95.98174054654412
96.66067449847304
97.34648761693734
98.00856598026093
98.65650009810055
99.34874331509536
100.03592590187563
100.784134669935
101.47750903077419
102.16278412928489
102.83952069831486
103.53191776934679
104.1750480733217
104.91684804355026
105.59370024130656
106.27416682138653
106.89996924856081
107.57785035364572
108.27285603174421
108.96630551325295
109.62921417320706
110.27583401182007
110.85397439684971
111.61106314890904
112.2563633911972
112.91422011390159
113.59811517915566
114.25905838488976
114.91542655845248
115.5917953662973
116.23740777949489
116.90718368229099
117.551335271711
118.18297179811222
118.85118585410999
119.54331300426226
120.17696549019283
120.8205738946089
121.4612128918826
122.13956415159547
122.7717482551439
123.45434647419228
124.07699796823317
124.78372757697893
125.4267602614519
126.06044721496718
126.70994498100029
127.32052465114498
127.9593829657442
128.6360004528209
129.30257012349404
129.95786568026176
130.62158960759058
131.2895403121394
131.9613443321118
132.60094049749938
133.24054945936763
133.89694331633393
134.55984390697284
135.22132231412257
135.87621802483704
136.55187634225985
137.2023387163802
137.84113646560712
138.47355161180857
139.12175780279063
139.78897194225905
140.46623524846152
141.09222703089236
141.76220044193443
142.3865461127529
143.0343367639718
143.6735016294807
144.32289830368518
145.00704978926763
145.6434132709198
146.2983511108773
146.9441163651137
147.58492278288972
148.23178530209356
148.85049112017293
149.5002042338722
150.1550814830187
150.82887115151897
151.4591643805028
152.12255943102636
152.76763604435945
153.44121431841734
154.1541922950875
154.80442533303543
155.47248472031953
156.14790699457336
156.81822237905783
157.50428264374543
158.127742293232
158.80236810822106
159.44634765187504
160.1321430378058
160.76986450168954
161.42933147982387
162.1135848694221
162.7568681522847
163.43385001063731
164.11194474270832
164.79762834147243
165.43495631298327
166.0941059317962
166.76812770398823
167.42664569159874
168.07986958934953
168.76396656465394
169.4423699657546
170.08171977689707
170.79893456106498
171.44725751439654
172.08026274070787
172.74431238977647
173.4166757660771
174.12849516609467
174.7630920669762
175.4306535238306
176.1029474780915
176.785477061125
177.47740443020535
178.1574523949992
178.86444480607577
179.48288039461352
180.15700674543046
180.79664416802262
181.47747726450342
182.13411019642757
182.8416578890687
183.49933506764637
184.15065139665472
184.79616263414994
185.49270400814663
186.2256177847462
186.88159815036022
187.56161935446175
188.23840927178338
188.89690719787413
189.59077719323295
190.27273316759138
190.95102880525764
191.61894443737845
192.27587036423097
192.92161695437864
193.59304861050168
194.25846103706277
194.91501199412892
195.5436452674033
196.1979283738427
196.90777172879336
197.5903388031536
198.27245954591416
198.93578228691104
199.62719604449438
200.29887791009605
200.96524914253934
201.63115533586677
202.31587229157105
202.96362122673938
203.63476893440588
204.29222246726226
204.9785069455259
205.63185349984772
206.2996615763533
206.98105310611004
207.66628276837167
208.32486905843825
208.96633177460745
209.6641995305693
210.37398805992973
211.0088836505377
211.68919132894894
212.36137442573119
213.0506958608064
213.73021358969737
214.37835879849814
215.0121967207544
215.68453440895766
216.37784331180308
217.0470157361579
217.73138876786368
218.40188066855112
219.07578826721482
219.75414760634237
220.46300777330575
221.1190602514698
221.78218732738458
222.44514342333477
223.1176505254522
223.8018934923408
224.46192339662161
225.14720522350882
225.81441310626946
226.47176524968035
227.16123809731198
227.84167807080027
228.5134268475024
229.176975458009
229.83314621018857
230.5093369260165
231.1929365036229
231.86147076886016
232.5479850905217
233.23743045448805
233.90727588681239
234.52365426342578
235.15851624921896
235.80046247551144
236.50367613325852
237.21467123006477
237.89188255067506
238.54634095655263
239.24245257337196
239.89523486387975
240.55390532555748
241.25686741997313
241.8932724024528
242.5859122277198
243.2500459696223
243.91619385187732
244.5352315874738
245.1762656858403
245.84026438283604
246.49284687774855
247.15531586706518
247.75096283387046
248.35289612176035
249.02442605134323
249.67616869915284
250.310281081242
250.92683851487857
251.5683597038292
252.23074304578878
252.92005962799396
253.56339219387792
254.18086419074416
254.82421571687536
255.4512118567322
256.10261992312445
256.7589858994752
257.3770511621503
258.00468371295
258.6528901543617
259.2792974416683
259.90847033019134
260.5659929209416
261.1732613816868
261.77993503121604
262.42289818848894
263.1097399864349
263.76173841545176
264.4395740834133
265.06418975308566
265.6983401643362
266.3274191064843
266.97878793378015
267.6264861169381
268.21730324661576
268.825105587283
269.53119262697544
270.1805391302185
270.8351999224166
271.444149013937
272.0691089256122
272.70237171859844
273.36618826782023
274.0086098058664
274.6198529274689
275.21128875072986
275.85096142035377
276.49828498575175
277.1829726337557
277.7961653155206
278.44663526484993
279.0069518038131
279.67482116929114
280.2915392522913
280.95160473935215
281.5778981033699
282.1755441764782
282.7824607908898
283.47929628868906
284.14545469786543
284.77161972812064
285.3997486934397
286.10233893075906
286.75761861895916
287.3901207440159
288.0069344554876
288.67169806551897
289.2907493367796
289.9384711517275
290.6242491947545
291.274900293594
291.914958614287
292.56300084451686
293.2151672055915
293.80452419232864
294.4386955721212
295.05788529918254
295.69222177514746
296.37919936553715
297.0363393445435
297.6977011902638
298.3111047196772
298.9567889548404
299.6018177224789
300.2806476470055
300.9165041124918
301.55095656153645
302.2465775430967
302.85994843574036
303.50298163873117
304.14732788950096
304.80592222032146
305.49718851646776
306.11200624109824
306.77824885552747
307.4488741698352
308.1210700432495
308.7684318699364
309.41381865829374
310.07522193383096
310.7453063761832
311.38122979138274
312.01305834081376
312.6758847721253
313.32051485797774
313.9513342835105
314.6092236412439
315.2543116868597
315.8632394900326
316.52828636088014
317.191639175389
317.90515049263547
318.58072281559157
319.2512958923606
319.9166318447095
320.5657194038754
321.1528698660786
321.8147014057764
322.4749848111297
323.14636698090646
323.79389393059205
324.45595903693805
325.06475522949677
325.7340884408848
326.4077228226388
327.0932973099489
327.7293030274127
328.20232344566716
328.435857460078
329.07282226922155
329.73967319435053
330.4330300588629
331.0764294709777
331.6628131967424
332.2915976879978
332.97294532089677
333.6474988824306
334.30977989793854
334.99294357063843
335.6289507299196
336.2924528856829
336.947173069399
337.6007902906351
338.2483246448471
338.9298541681679
339.59899397018563
340.25103646879506
340.94261671130425
341.57666065426804
342.2225167127056
342.88585780624067
343.51316409136166
344.17415710869074
344.85211487708375
345.49846356811867
346.15670771408156
346.81514030932686
347.4690920561478
348.1018333815197
348.7724092485611
349.4357952363648
350.09197552401383
350.776599349047
351.4435202185789
352.0926363675288
352.7470498908151
353.4175053942473
354.05868694783106
354.7249682568124
355.3548337843606
356.01364430455965
356.66673050201075
357.364689580674
358.02141563854207
358.70591419428035
359.3301888683412
359.9742087262084
360.649806408401
361.3327651846065
361.98590560697335
362.6707455881535
363.32392540651267
363.9708394822871
364.59885376027046
365.27117352341077
365.94178591997036
366.5921211602358
367.25340107652676
367.9476659986698
368.63558013268334
369.33868484771256
370.00048863346774
370.66429625884246
371.3711990718595
372.02069720433917
372.6742056133796
373.3190201563233
373.9871897184129
374.6222085917692
375.241847254532
375.90069538053166
376.58776117463736
377.2118689517034
377.7933571044904
378.4358992989562
379.08864726084016
379.6194004526535
380.44288882197156
381.0480746612649
381.9124083156047
382.28860326591524
382.94703274971215
383.5901513287547
384.21890237824977
384.8629810346504
385.51641401015934
386.1554630656119
386.7673621922359
387.3926227704581
388.03958168784567
388.68632110098736
389.3367693126969
389.9640257987405
390.5958540437632
391.23039654432114
391.8556589623409
392.53378289022737
393.16644055718484
393.7975458887778
394.43467154999354
395.06876565304276
395.72140761099047
396.37163951753274
396.97302663334244
397.60995092023387
398.26336913117257
398.9291487667546
399.5670088723774
400.2159859791817
400.82591755930923
401.46918928329666
402.09060843392615
402.7371454427501
403.3820435829715
403.9969143532619
404.6150499632813
405.29277530653275
405.9123826815984
406.55466062071133
407.19075917545456
407.8419552954834
408.5327905106068
409.10024355713676
409.7192664276429
410.4178978330556
411.0128235387501
411.6435737005552
412.29291673761804
412.9177055435476
413.5743340948441
414.23390146119425
414.8838230140599
415.54928754009046
416.1786084069795
416.8253309612551
417.476729012071
418.1316908369231
418.77851584163045
419.46293045711013
420.1218084801049
420.35168442857105
420.8008588034162
421.47604129171543
422.1448466888234
422.80638360576563
423.43372413061024
