17.09000750809211
17.759861735060596
18.4552308756608
19.03028503319704
19.707411331261483
20.364103116011655
21.019456011688277
21.70562992577291
22.4681793415732
23.06054065129408
23.694955165340676
24.370012791506046
24.998452979130246
25.665113820371165
26.309705553840985
26.9504285940689
27.616586950748626
28.2502348190291
28.900315935222913
29.5455520875131
30.206307783158657
30.849440525272673
31.51234668703033
32.13008583818357
32.80376685110432
33.46084476987157
34.098950340701826
34.72189330881918
35.36572694400924
36.03810382109177
36.700248667101555
37.33117544586943
37.979489509591524
38.638669282637935
39.255606002027406
39.914026810302715
40.55019634690057
41.19591272171243
41.86531342877634
42.48710174065047
43.15930078978924
43.759927737064345
44.40700434674609
45.05999390585717
45.7554895730981
46.39150502032088
46.97485933772518
48.492814908662936
49.17053167858929
49.83011936197739
50.48678772269585
51.14818836803801
51.79793381130939
52.464383230126174
53.116757621155244
53.75993904239166
54.440911218883684
55.11542231687862
55.79313352018917
56.42279183386095
57.04094552100399
57.70725710726518
58.34358127578173
58.99127998479317
59.64673269378519
60.28860419591718
60.91572506462764
61.54069019945567
62.2212062177525
62.83172720561957
63.4691833386013
64.09066514406028
64.77371167599362
65.40127855259064
65.99708303162237
66.65076676064457
67.29824110610414
67.9505778068869
68.58181511906392
69.16765293738352
69.80895427600223
70.4491922230291
71.04713631550675
71.68105719739249
72.30775884245992
72.92868770031211
73.57151250207482
74.20922461758252
74.85275919495123
75.46037001994449
76.09995783498545
76.74253913514946
77.34677909807723
77.97622836694177
78.60312909432943
79.24642663049848
79.84157142277778
80.46012613711076
81.07535573802879
81.68837107245704
82.30121459939315
83.01409955202806
83.56051310162869
84.17654540980698
84.8208108332898
85.43684913028358
86.03433017618828
86.64865163181446
87.26353187758718
87.86300954771932
88.49508165111025
89.12390697917849
89.7415951445424
90.36287496659362
90.93576830306684
91.5801364397421
92.18528288403056
92.80944851253226
93.42734555487249
94.0761531862507
94.72589698700357
95.32194463844046
95.92933653871299
96.52211203955231
97.15375053219157
97.79326316071425
98.43829967908911
99.05437709704452
99.66037970502461
100.25518548619779
100.90489487364384
101.54088919280633
102.13615048530937
102.73693160155722
103.3393972038368
103.97329262319137
104.602145704234
105.22119912542817
105.8301051674092
106.46550197100031
107.04284886289336
107.67033994648546
108.31634291495944
108.9822169350539
109.65686982981715
110.38175148213051
111.04165904246778
111.67775194634808
112.30075138675906
112.94037209481448
113.55416375002862
114.16014982182357
114.77212934880717
115.43208753215322
116.10750155355694
116.70144911197598
117.3176708941676
117.9069102097728
118.51061016829965
119.12089228903861
119.77730481933679
120.38563911971269
121.01762552802442
121.62969845995772
122.38087765537597
122.9058472834701
123.53178406423436
124.1290985843587
124.74986563315613
125.38249217933858
125.98343044640629
126.58219909401191
127.28633367791939
127.8942487914152
128.51087927406672
129.08137076631525
129.7154261296855
130.33029357442902
130.93779604668705
131.5362348733549
132.11819722957506
132.76220011749555
133.35094630646674
133.96348262475036
134.54284025622866
135.15807100915217
135.76256496303427
136.37494782357453
136.97246507871932
137.58679337229626
138.20556509226913
138.78761831064077
139.40614994799483
139.99087841063863
140.59655558688087
141.18022027868943
141.80722817770686
142.39713640216476
142.95632139788682
143.55193401756878
144.11007256898645
144.68941990248402
145.31782684541474
145.9627383742981
146.52428951093754
147.1064811399133
147.73626028923113
148.30045415081608
148.87194800651034
149.4955939934236
150.0913978480745
150.72441497804547
151.33131856134224
151.8850658551932
152.48978435940808
153.11426355808086
153.7285016303166
154.3066280562832
154.89131367702763
155.48512175381208
156.07001482454044
156.6693834765304
157.29203371247303
157.88979928093278
158.4907339013277
159.1107237627907
159.68805149836857
160.3109414693479
160.91083707599333
161.50468508817943
162.10021220098804
162.72438611470395
163.3254740797523
163.93298715583427
164.54882979937395
165.17617930499074
165.76385399586871
166.37737732328287
167.00460865738276
167.6138297011479
168.2291985598945
168.83322106579737
169.47131464241082
170.07770310841374
170.7574418013891
171.4142911047176
172.09392247631848
172.77723206062285
173.38786679394326
174.04066789519618
174.66068685742582
175.2972437611835
175.92091374076082
176.5968217072898
177.19050150038393
177.80927395839535
178.43050221971242
179.07483100884468
179.68057075671797
180.30184514209824
180.9856309958864
181.60977165891805
182.2636042456593
182.91504304401795
183.594373100605
184.2634223779668
184.9370555042203
185.75005636188118
186.1815705963075
186.2126739578298
186.2385938036374
186.26715662618403
186.38787413614983
186.4163866673197
186.7336355959299
187.25107702038318
187.27958996377743
187.30810641107908
187.33575306489726
187.3643006351411
187.39367636420403
187.4213281708272
187.44555068266882
187.4783767299577
187.5077520467962
187.5302158032363
187.56476907076015
187.68101547438533
187.7103672944331
187.73804033061285
187.76136542993623
187.79508785918236
