2.5735485662850714
3.4482269475132608
4.2817878073364515
5.106198832598093
5.912260157522685
6.712255268240181
7.519973082851711
8.368026660270484
9.16131772415813
9.94656532921653
10.726009003932493
11.546244443875004
12.366941900958693
13.161316877428753
13.954728558162325
14.76135170514025
15.540943626750966
16.311909812915935
17.10467025827015
17.902999211486478
18.70696367844915
19.486349775873222
20.27769158927404
21.07268742990278
21.897682259175482
22.657731378898657
23.488718154810396
24.27642581810432
25.016732063080493
25.85272978575608
26.664697143395077
27.48516226252795
28.255523792214873
29.046225451277916
29.86511770158096
30.648433911600684
31.438993568505627
32.23722435464054
33.08956327673263
33.876684884477555
34.65138155313915
35.46180972234135
36.236271689866754
37.05582530420375
37.87581301980432
38.68552040218584
39.471430829051535
40.2532891029134
41.03276106590174
41.8780087799216
42.68004046095314
43.514159744816425
44.2937756299211
45.05924315312663
45.86902580787996
46.72285927484721
47.52660029402219
48.33271012987675
49.14414858095251
49.89924896346095
50.71292796462329
51.52000790327551
52.32154102466736
53.160836644462776
53.917679956905836
54.72743983616783
55.53490157409421
56.34575220338807
57.17646244018713
57.97856541822293
58.77898290715175
59.60085989459888
60.366121410808546
61.19028225965499
61.99167640922692
62.78291945148814
63.58462005694068
64.3897415277701
65.19365786017946
65.97361036467913
66.7818576971733
67.59635450185172
68.41000260919007
69.19757302734345
70.00480657118597
70.79906681643673
71.57991701964714
72.37998906901664
73.20043403274192
74.03827736166244
74.81401316624923
75.60821368578988
76.42131001199957
77.22621265020692
78.02991502402742
78.88078323152487
79.66491129635791
80.49392037460726
81.33735522816183
82.09677361761801
82.89551113566097
83.71985048666147
84.53776528725024
85.33199349917766
86.11264752393225
86.94415071876536
87.78343505261594
88.60898010095725
89.36979004124927
90.16842591391259
90.97728062098743
91.76576391868318
92.57681550006751
93.38328574592038
94.23022373173555
95.00547325011723
95.77269925029839
96.60028870815623
97.4138616920975
98.22015467273357
99.04018234299815
99.80472077046502
100.62389408877317
101.41262527057427
102.17694330136085
102.9421189192856
103.73696658507666
104.50724077156706
105.33646022732125
106.18794071502484
107.01828078636964
107.8244402519868
108.624062250572
109.4401964301428
110.21956307203627
110.99978266811459
111.79312766712621
112.59522984985853
113.41570747788083
114.17583241982479
114.98655541758683
115.80605137828326
116.60257318007021
117.36255319807924
118.19851962851703
118.97819424517323
119.75541367224807
120.58489427120662
121.34123576090738
122.14445645810267
122.93043512620119
123.73664049427501
124.52135881831825
125.3220840512096
126.1053884783744
126.9411197054809
127.74086487225932
128.52400782291593
129.33096867677492
130.16777674672483
130.91698283287897
131.72246094675248
132.51365310565407
133.26868763728666
134.1215843060592
134.8821202291306
135.67155306386655
136.46268276323383
137.26713822967105
138.0642945754469
138.86697392204104
139.684956709201
140.46855838175335
141.24413432854718
142.03730722795223
142.83129967623069
143.60739958335802
144.38322935467028
145.1647650975247
145.99382028802452
146.74920530506463
147.55171722884702
148.324416207252
149.1076114783064
149.88958299700965
150.6789248621816
151.46566416437096
152.23605542486465
153.03655467087202
153.8438046903987
154.64879862763132
155.44516125488153
156.22448926902172
157.04083995742016
157.8334120620924
158.65807952429435
159.46386986979064
160.278498307961
161.0256810788755
161.84100256382274
162.65372223250284
163.44545513379254
164.267729138927
165.1050056930354
165.9088989585606
166.72158852968042
167.52450872510954
168.32143363234096
169.1367489176698
169.90750287466676
170.72166373245113
171.57554210863375
172.40837366920712
173.25658600915295
174.06482304548473
174.84904090527112
175.6324795858667
176.46048444822355
177.2549110150893
178.04316613260136
178.87647946311063
179.67912475024826
180.45251572874676
181.25253230578656
182.0642160377539
182.8723834420593
183.63017967508125
184.45015230556908
185.26888664309797
186.0604409270921
186.82365941991867
187.62103874257977
188.42831475473895
189.23933771314807
190.02009846071942
190.83454140621512
191.6345509368395
192.44535547853326
193.22373192381946
194.01046996223624
194.80262465175954
195.60901745707838
196.4114531289954
197.20759986253938
197.98794669192034
198.79268516929136
199.57170448086868
200.36292551928776
201.14683891803287
201.95017199978827
202.73925987314198
203.53300166063872
204.3233724392383
205.0814029301779
205.9073845128566
206.68926445662424
207.49833410268545
208.29553438908727
209.08509550009381
209.85477427373874
210.64886257962124
211.52524729475658
213.02047394852568
213.78734407427066
214.57651112571764
215.3611698291299
216.14604927240518
216.91173968835741
217.7693206137788
218.58189581719478
219.4140662346308
220.1524949309613
220.98035437206804
221.77943748518862
222.56387461787736
223.36120620405896
224.14492010252405
224.94586536084387
225.7765069853662
226.56425299903412
227.3664038073432
228.14425255459105
228.95185067979844
229.7484429305766
230.50888753349898
231.32411050440948
232.1019338465661
232.88047244246889
233.6544428903541
234.47787813564645
235.29330527407816
236.06667870053886
236.87580421254717
237.65482006629404
238.4712498976865
239.24342770488664
240.04277340344657
240.84967922986368
241.65552868378953
242.4178253347178
243.2615293600175
244.04202919502285
244.8316129544487
245.6048533396763
246.4051840794543
247.2299153766357
248.026161185167
248.8092127962973
249.60927553145888
250.42501147076172
251.18989847918942
251.97312773440595
252.79335512207592
253.60095281344235
254.4028255768914
255.17220104859712
255.9881849018686
256.79965854580803
257.5889681807274
258.39564911672244
259.17877986661915
260.0108115032604
260.80108914938614
261.6077820885564
262.3854984849032
263.1933711947096
263.97433029988963
264.77596897439423
265.5549235778753
266.36978346608475
267.17293228602875
267.94122352624436
268.68257857173637
269.49916430176063
270.2731820137171
271.0619769335052
271.86014166883393
272.6808458217267
273.47130596337746
274.25616786732047
275.05023649525555
275.82277740001535
276.62241509628734
277.39946500922815
278.17675382141294
278.9980181538756
279.7939715487472
280.57554080286155
281.34120995027376
282.1455475746345
282.92348438014415
283.6645907455371
284.4742306637045
285.2562444772997
286.04801166407765
286.82473574562084
287.62803468271613
288.41445519723095
289.19087186320627
289.9768573333441
290.7677877532671
291.57130547495046
292.3494632477043
293.1527430855335
293.9462335854203
294.7474327253959
295.5219270603877
296.3116527672378
297.066890717367
297.8807464433893
298.6804208690032
299.45548511327183
300.28177367545976
301.0904012464944
301.89232998794637
302.6845165049384
303.4553959852201
304.23493223227854
305.04049072724354
305.7927801166121
306.59451360374123
307.4281775223078
308.20820184768786
308.9976998251097
309.81089898919123
310.6133453186687
311.4053297119823
312.21878953650355
313.0098692114192
313.7959011751185
314.73987908552476
315.40474680653034
316.2104124319319
317.00765990465874
317.82356263061945
318.58378455045414
319.36349519534286
320.1792960409835
320.95690910535217
321.7651290611801
322.5551723992223
323.3734129632498
324.1617083573892
324.9360017104273
325.736977058415
326.58287082725116
327.35815958025296
328.08897520901706
328.9214223502811
329.72220726163243
330.5195648768653
331.2788878639158
332.11191528372075
332.90090068994374
333.67865024611535
334.45866898943416
335.27657293696416
336.06506229171447
336.8520803603777
337.65128268068753
338.49014019656494
