208.30302700194153
213.63310284381225
214.28264157025183
214.95030874909187
215.60317355871842
216.2709230499649
216.97109003549718
217.61307116758204
218.2999385165259
218.96119327285155
219.6124281013789
220.26048975054385
220.91696032876504
221.58634745132315
222.25886968672825
222.93369797387052
223.58335790876538
224.22018379321585
224.89088555703233
225.53051080949822
226.1634314280064
226.84763576772554
227.5283796251037
228.20102452093946
228.85488728834048
229.53198217659792
230.20910688222006
230.8798455036647
231.5396866400926
232.18455154684492
232.86650642376975
233.51532295575606
234.20122501486452
234.8638272660299
235.5063797434975
236.16528456015664
236.81981191679486
237.49501355282322
238.1545947541159
238.80542890274026
239.48141803317338
240.16927629917524
240.84727300117132
241.48305623292552
242.1544559723611
242.82076408917487
243.4714399349805
244.11550379474926
244.78641923946805
245.45890429335236
246.09430278121263
246.77585151944575
247.40812046009285
248.06602111854846
248.7094935721303
249.38429617419428
250.04593943151627
250.70897464912602
251.36646099067235
251.97250847053985
252.6578655879589
253.32430911608768
253.94089679119426
254.58074202760383
255.24027208418187
256.56190254558965
257.2054589369781
257.87832746184057
258.5077845018305
259.1947689610259
259.84539746373696
260.54024798461023
261.1915294643442
261.78168920579407
262.4567947189689
263.1371011424416
263.79502371995267
264.4490909100013
265.07706061043575
265.7297327743798
266.39471483334563
267.0599576086743
267.6952661204501
268.3486676185092
269.0360186583744
269.6842765077232
270.32372615939977
270.9837345973299
271.6679999402867
272.3355042101286
272.9858804805731
273.6413373647635
274.29762715806874
274.95285984666214
275.58644921344734
276.2599664387837
276.9262476808966
277.5748940528948
278.1987377525031
278.8547496621901
279.53119284498064
280.16702013336334
280.82967149368363
281.48661976670303
282.1374885959947
282.86532011948265
283.51260971882505
284.1657492643098
284.81383914851364
285.49022506785565
286.1622040712724
286.78973489480114
287.48001391727524
288.111302525587
288.7501724271663
289.4066590831236
290.0694926158228
290.71863297687435
291.3633561963341
292.033904554268
292.69071451701444
293.35032507826656
294.00895262522283
294.65725727667103
295.3385367717492
296.0002823822707
296.63514711299956
297.3061674113932
297.9718559916156
298.62823955261183
299.24920972913696
299.91656003097387
300.62773118134527
301.26575951907347
301.87650185952145
302.55046114706204
303.2449237430759
303.9257588913426
304.5227488353529
305.16878360896146
305.860629424254
306.5364264340906
307.18966861397587
307.8356914554965
308.5500731159028
309.1395838185191
309.8212981696143
310.4957584232354
311.1450245658079
311.8342593943478
