1.8202629580162666
2.5591789800824056
3.407401563029501
4.237214399588927
5.039892458860091
5.856071730035838
6.70283512642659
7.4910796288509625
8.335383059528752
9.161604447433527
9.961746823556819
10.80747450089765
11.60387003572934
12.414985403210599
13.251995616054248
14.077860371603595
14.90390686437351
15.724046347661886
16.556734631994516
17.346746437916295
18.186389162221634
19.01443806490198
19.820863808011964
20.67345862289792
21.48808007636638
22.301037869408937
23.127447740921504
23.926612904445633
24.761743115828054
25.61602447242415
26.43338850400238
27.221928936524044
28.035584296452548
28.919172729304425
29.747702669265543
30.595025475487006
31.380263037418043
32.205406775122114
33.0146672375739
33.84355789157398
34.666141166282316
35.49324071189143
36.29202463289965
37.19615231615779
37.99269216284155
38.84739593568581
39.695659078621766
40.50399320134672
41.31282874077101
42.141686002299814
42.977263391177075
43.81263200989727
44.64553506762552
45.505502487229506
46.32167694676302
47.150987743831635
47.96328888387131
48.81230323836793
49.629721986200124
50.460943595036646
51.312086915863425
52.10958416448669
52.929546003721896
53.73495167083223
54.52901215632978
55.35243231702104
56.162714457151026
56.98206720920352
57.80505299534246
58.63263387052922
59.447047393868544
60.285671751774004
61.10429197717692
61.94344523121743
62.75052489950974
63.580003800232895
64.42054161175746
65.22603576850986
66.03953181039931
66.8980958366993
67.70726975033534
68.52701660509896
69.38629604937825
70.22642399816175
71.12231907741068
71.85935804330357
72.67393310928219
73.50183522382227
74.32416040454603
75.14686813950141
75.9903374770013
76.81544444521802
77.61245870066566
78.41784764538215
79.32256662569024
80.19812548797324
81.06829883807231
81.92432710009854
82.82096924761186
83.70987276468081
84.56171423850775
85.45237367419881
86.297024436754
87.18653122011303
88.05008297138461
88.92614553023935
89.82311044899438
90.70800112774393
91.59144211304651
92.47719210720254
93.38272647784618
94.24016957534334
95.07781461464023
95.97890735945366
96.84298972026119
97.69271742139682
98.56209835736169
99.43393209378087
100.27134005156557
101.12242362388432
101.99496518056775
102.81704065905726
103.67759829922923
104.57025778632202
105.42281479413535
106.28548823671218
107.18089656424128
108.15335287489303
109.01536778550701
109.87877585893715
110.61023548116611
111.57676844837557
112.30853074493737
113.17076826337075
114.01753657751267
114.8492318507139
115.72309082836092
116.5528320130411
117.39077470671313
118.24054679650689
119.08951707782376
119.89118846847484
120.74411865415823
121.56224311424239
122.38424375060117
123.22997821493558
124.08593741998882
124.90239777308268
125.74461259936764
126.56913285735266
127.41928932881876
128.25670716069249
129.1528492428339
129.99273908256137
130.81185206779014
131.61783734555348
132.44346724266393
133.3132671303088
134.14290430668424
134.98330335653108
135.78618855466442
136.65824579799056
137.50481294933272
138.32223087407544
139.17487617896717
140.03223577992432
140.89374275560033
141.7734554582277
142.64482100566465
143.48142699606382
144.3667055354336
145.26377551550326
146.1216326014373
146.9894216484216
147.8871843903467
148.7854570757578
149.68673400830653
150.61104582270048
151.38061890446755
152.41134661387346
153.19040689440052
154.06219256733596
154.98161026323527
155.88073842560684
156.70348618164104
157.59342719615347
158.48082832509297
159.3468852402118
160.18005766618813
161.06643976241014
162.00046714519672
162.86877343279178
163.72091883532903
164.6008058306153
165.46931128495908
166.35820609418838
167.21894404472064
168.08541895134164
168.98712655742025
169.88194254136076
170.73627773723996
171.63179184219754
172.50859585009636
173.3204538437533
174.1761556226789
175.05720717461077
175.95486391962197
176.42174718175437
176.81720122211618
177.71039348705824
178.57269157720322
179.440833171353
180.2681121093738
181.1266008318754
182.00938059067562
182.85596115592642
183.70160859808345
184.53967135090105
185.39917685467665
186.2315363261704
187.08125332601705
187.95285176028125
188.78430757713664
189.63486951249888
190.4723966971632
191.3391758194272
192.17654004693426
193.06036704887984
193.96767321458174
194.7077741784321
195.53425008796256
196.4043700757101
197.24190136839647
198.11161324463205
198.94101734514996
199.76639294823775
200.58291100039065
201.4378554486392
202.319652559928
203.1469652959337
203.97671343969205
204.81466915560028
205.7004050397595
206.50605046463215
207.31884925123006
208.15809762613256
209.02702833864993
209.85115347313268
210.70386503904783
211.54372191536868
212.34729093440902
213.20093317328505
214.03188600449897
214.85142984859561
215.66250866917733
216.5578889988526
217.48727666279746
218.17631885728645
219.0499225683219
219.90897280177447
220.73557395521948
221.552364759348
222.4199897535637
223.35056940479484
224.0757650917102
224.93347882275685
225.7487240873412
226.60222511272553
227.42681947302071
228.25921891238642
229.10391638089067
229.93457704321344
230.79319666592994
231.63247949580347
232.48313273948997
233.3462831521531
234.15654491651696
235.01206026239998
235.8559906665605
236.70433259460867
237.54307326883136
238.39045730423575
239.21485468639284
240.07661472194155
240.92248424835483
241.75681825912494
242.5841890963571
243.43545389650686
244.2570749241512
245.15560795019124
246.01383322741333
246.8685984103646
247.6740952968901
248.52885334273168
249.39189706273476
250.1951166324912
251.01117880333922
251.8757286559756
252.7223464755371
253.55066483027474
254.39303909249242
255.25294414870515
256.0896402904019
256.9269455618899
257.7539954109076
258.56051577505974
259.55278050092016
260.2916521877363
261.14416804769905
261.9823553981444
262.83336476938115
263.70317104776285
264.543628138679
265.3716878769229
266.2234421065687
267.05063494455754
267.87750876437775
268.74755461868034
269.5592925145007
270.4080825094884
271.2762302840746
272.12399463823135
272.9768425301719
273.81160689785975
274.62651743293196
275.5042646010182
276.38310957582405
277.22108109413944
278.0441003265232
278.8807513524423
279.7019983155234
280.56295393376735
281.3875623802835
282.2495357775683
283.11198888399974
283.9162929581688
284.74820464803963
285.6061438003909
286.4119379068113
287.2694897650616
288.0763764891539
288.927731574334
289.7921440262526
290.61200575797073
291.4105667356814
292.28177010699557
293.1249878760193
293.983509536583
294.7834755818481
295.63240571555275
296.47056535134044
297.2923525638089
298.134585528672
298.98191884637106
299.83239978680376
300.69992507176306
301.5174150568297
302.3390893998185
303.23392630609214
304.0877318597529
304.922091084098
305.76364543362394
306.612063180261
307.4728486451707
308.2782398856378
309.1033340110763
309.95011922422134
310.80191584079347
311.63610420774194
312.4778677520167
313.3249979944252
314.16201808433414
314.98358652023154
315.84642353566426
316.6631652615978
317.50383249645773
318.3334613545703
319.1857891843812
319.98936856481896
320.8214937645323
321.6903300679752
322.54970511338774
323.42156333509143
