2.4883310965207386
3.2951633377123795
4.314120462484217
5.5911510774863356
8.556830032333213
9.84370694163632
10.687702709911227
11.703081590330521
12.714464389771743
13.855715419302783
14.91259839796088
16.016068129029584
18.127300338885874
19.163505733022802
20.231972975103073
23.440742397766094
24.48828635387171
25.547309426304423
27.69201012367172
28.748275182848264
29.815834654162906
30.876152060097205
31.931783556951657
33.02781813866385
34.11205458298353
35.16386990650361
36.19559729247019
38.32374463145762
39.38426271271658
40.455800828888435
41.53238245893321
42.59582306626446
43.63989741087662
45.84812223670082
52.328125159658754
54.4760031943469
55.56427738463981
58.78018869409411
59.8237788650917
60.947975264739476
61.98440113710559
64.06399215346347
65.14822428232408
68.36852653599456
69.4126391318444
70.48024559403208
71.58449725841862
72.62003261971245
73.66417636164581
74.75209016809097
77.92007746978221
80.12387413807156
81.18470364060686
82.21642029151559
86.472596624911
89.5883678179479
90.60046917359689
97.85220112530881
98.88072321610491
99.88005821473021
100.95301912161221
105.18421473505569
106.27250755811059
107.30886524083701
108.30786057616565
109.40057294212264
111.54102156284668
112.54876545396024
114.68468304233912
115.72437787211379
116.7163749645873
117.74827332707298
118.79298278556854
119.80778283057666
120.90101738764949
121.93296947726085
122.97711922499147
124.03664426602404
125.05695976319078
127.1647006712723
128.208469393727
130.33243250483122
134.57646097638084
135.6642836076058
144.0726643410223
148.2321432479548
149.23110284473867
150.3287096885971
152.50900534220213
155.6286203753499
157.76955251240247
159.8651807051798
167.31286822081114
172.58901730310663
174.672963456693
178.8452233907272
180.94925781414463
188.36485489625423
189.44474199411417
190.4895237003036
191.516852760541
193.64892318693114
194.67335366209966
195.72889481894293
196.79801193322214
199.96554151683785
202.10968657420943
203.16582786697683
204.20976269694242
205.26268607873422
