1.7024412444221546
2.627029239336812
3.548100316191121
4.459040188742171
5.383673646006983
6.228166598179668
8.89216598741875
10.715285773079085
14.408778003367527
16.209553467985778
17.067196994367055
18.02076580282877
18.894559826681217
19.808934234999093
21.594479414418416
22.49760583798347
23.424356169313622
26.285438062679773
27.175710627558075
28.157051606798998
29.121164517671126
31.920187059153015
32.82235364264177
37.41778002874341
43.78018015384228
44.70041153905867
45.58654083315516
47.399353920396
51.04134833026884
54.694632840839695
55.54804499704971
58.278662091067496
59.137132933102414
60.97634898691736
61.87241832203544
62.80694312216828
63.704679121087075
65.48806500517424
66.39019639765408
73.61169922582798
76.36716934164616
77.18155032826442
78.08185200181987
92.44767926785813
104.4538434637997
105.35808947368754
106.30100101205016
107.17960063000038
108.1549059821666
109.06975392368378
109.9374870259663
110.8307899378386
111.75497772912115
112.67958180186848
113.59033283815256
114.47801601929163
115.35116057707424
116.33836129906695
117.26346883489344
118.14813415864793
119.03827480838865
119.93699172897973
120.82819277509086
121.75485572997219
122.65182259126502
124.41820707077416
125.28347512651831
130.72677784415583
131.5582271054134
134.3013294287399
135.19646151332313
136.09680866638078
137.03043501152118
137.9261604757026
138.79994030010187
139.71278722358736
140.62096643873497
141.51532550547822
142.39938223441857
143.28806911541398
144.23704803868605
145.10597605354457
146.00745715354455
146.9236686821887
147.8386423525153
148.76387305919727
149.620719731793
150.53371649005436
151.42910153816126
152.3274548329401
153.2547862286398
154.17411936258816
155.0652085806006
155.88830402610878
156.82968597315113
157.74583249746453
158.65905172683165
159.53448966541367
160.45381688708693
161.35876231248875
162.26769277158897
163.17274097299534
164.0878412492758
164.93562103451254
