22.711626586515127
23.500044875664276
24.289965491900094
25.08203644711373
25.842571060820195
26.676867907041576
27.469505398847005
28.214877648810678
29.00759409648624
29.778007703219373
30.549088624828492
31.309145719814026
32.055084314675334
32.8503384144204
33.61581203677324
34.37994951890718
35.23691066031025
36.048487425328176
36.77973235375728
37.537413922509664
38.326853491995266
39.072289362978715
39.80255121033964
40.55977104836732
41.31653718977645
42.06057136429094
42.773763901886824
43.51971300447694
44.26231904972169
45.02511953631061
45.72921635596942
46.43672381773835
47.20263453798887
47.94485066234826
48.68310413703617
49.38519124830745
50.13588684321047
50.84630405643171
51.59746572903144
52.31295541732831
53.0524475759649
53.79957799895751
54.52483974224963
55.2576242859786
56.00242698543808
56.75202122183687
57.47279692145393
58.24318908948081
58.94916429946788
59.68827937127759
60.42050542927939
61.15948326055166
61.89898499640883
62.61118848429543
63.33000178278678
64.05637665402656
64.81160546473355
65.5287842849883
66.28226950819013
66.95172760726938
67.69076219830332
68.46732592448998
69.18620824774506
69.89300308708476
70.62034446347442
71.3983324361454
72.14153768410073
72.84198428835009
73.54691745621712
74.30547024223881
75.04602778735408
75.742281228703
76.47471194106284
77.19420310460114
77.94171436825931
78.63979318147564
79.37216034576724
80.10439826265798
80.83156780973246
81.50093018878175
82.23581962971681
82.97573689731117
83.65363273630032
84.40773426583843
85.10717148526624
85.84388893113419
86.55300438271932
87.26972785130755
87.98416518598133
88.72282399289384
89.45315209160404
90.13713099313864
90.90072039653418
91.62456640375429
92.31094141408144
93.00510296774587
93.73927088967251
94.48053389566059
95.19485741140592
95.89661734931559
96.58756416691192
97.32734504395017
98.02694568661772
98.74841645823537
99.45013465753922
100.17080494653524
100.9036679327188
101.5892758974388
102.3090123401894
103.07008032785544
103.78522533439055
104.51924450509061
105.23897422156003
105.95921841910356
106.64916552385719
107.40434289509578
108.12988545010336
108.84471302816834
109.58526908206424
110.28164887560264
110.99310082175231
111.73037317919054
112.45286117327004
113.1586567804803
113.87088705625553
114.56670636439569
115.32180982578515
116.02015835643033
116.73338381086239
117.48453232667472
118.19760501206673
118.88908861938162
119.58811078649737
120.31564023882328
121.0311562747189
121.69674738071274
122.40139267742444
123.12993059163973
123.80678279294654
124.52443435197853
125.23997405553575
125.94081846472221
126.6659768472231
127.36099646346872
128.11788668890102
128.85197813813156
129.5588996863384
130.2460350160201
131.0023528035443
131.71820959515986
132.44400174197304
133.15679737663268
133.88139257962501
134.62095292618133
135.3262047681849
135.99807885452864
136.72772005820462
137.44681277575162
138.17429283259406
138.87715561984257
139.5201459460504
140.31414170302202
141.03226189910882
141.70628794270814
142.40431872351132
143.16456858230967
143.83402190263095
144.56108935729716
145.28752185701018
146.0244367022502
146.70971333798724
147.37407144339426
148.06663073186476
148.79184415404404
149.49492155916658
150.2338665199025
150.95710227780825
151.70764406966617
152.3912233136025
153.06964261943907
153.74897274807722
154.5458995011424
155.25852234254378
156.01520997201754
156.7217482470932
157.40610325180663
158.10974486598425
158.8254641287243
159.52968378781833
160.25185375282325
160.9442861830092
161.66692886611835
162.42956925579776
163.16075313074717
163.89948316752532
164.5845106231401
165.31264815264814
166.04703233695201
166.7458254481197
167.43897042608737
168.1650107995159
168.88860323957812
169.60300934405407
170.32637099184353
171.0179992810073
171.68824972171276
172.44288624390077
173.15543421546843
173.83791109545984
174.54103806642743
175.31873213124803
176.04751923629746
176.84713624872344
177.67008519172316
178.41698625370262
179.1299738698158
179.86175522905714
180.58079382323342
181.29087661745908
181.9923431322486
182.68339291313342
183.3881524516582
184.08649487490288
184.79260670602866
185.49076847999618
186.2106396219938
186.9777021460039
187.6905938369719
188.38549820833603
