3.6123993462065473
3.983264986354055
4.845904547851639
5.747061424254322
6.586204778457011
7.004868476801951
7.747144625221573
8.522750110711712
9.308318170470528
9.686053628780448
10.426712773959277
11.165799811570086
11.550317768143778
12.298620514618682
13.0131608646962
13.378775219687512
14.206531090741723
15.091635580310086
15.911739132151439
16.315874904753414
17.109806634282197
17.932308102676792
18.300553126040022
19.010287772343943
19.885641835045874
20.718068806125455
21.111928108817978
21.98604449762702
22.903177195392875
23.770278459932136
24.23529341435752
25.009008498126867
25.917542195000884
26.819602286695833
27.266960093681078
28.150690951508626
29.04089697013239
29.98921676967863
30.40376986156084
31.265971523254336
32.149334583948544
32.53801865631037
33.39919835357384
34.28968575190254
35.09256042450103
35.502147764410886
36.30367822121369
37.11805992915596
37.614918195602385
38.44943073566512
39.24404916029836
39.9955775407956
40.46345353239283
41.24220666865783
42.011122051643795
42.396492842051714
43.194159291035746
44.05219114087713
44.42302346393551
45.25923581397876
46.108598038863924
47.02066388850558
47.89073907935329
48.81573276710905
49.226046355338845
50.08552201067765
50.8848547405935
51.74696561553713
52.5943266031593
53.3177510303746
54.072618764038396
54.82036822207081
55.55574582337053
56.25109356139951
56.60074676403734
57.32134606979698
58.4727232122399
59.19264105435453
59.909633989455955
60.68140172461857
61.410553428196096
62.15067498011807
62.85331298685783
63.61092378968836
64.00366344954402
65.07837312884568
65.82254085617149
66.2322744183206
67.32053727991998
68.02596937693001
68.80467803302507
69.53174670476669
70.2853775164344
71.03446459934722
71.76305157769447
72.51211176912156
73.23321878867958
73.93139244850602
74.673539881672
75.44436525963346
75.8327338203049
76.87011125709661
77.61678900162404
78.32203952627424
79.10014813351384
79.79819968394965
80.4860346155534
81.2684717662691
82.00507618048594
82.71623425634368
83.44476611826616
84.22208275445688
84.99621037738419
85.75728545539728
86.50093137305524
87.26219699484534
87.96358629639994
88.6835684741927
89.42265359842554
90.21903972429462
90.96546061066832
91.69404827265552
92.42078816992672
93.17619453504335
93.94025948660993
94.67728229313505
95.3876101940998
96.12292669576203
96.9156418483555
98.33029415647187
99.0672085141545
99.81077661103853
100.56694947813484
101.29100912471694
102.01574170647476
102.73901777746806
103.52610601510594
104.25026998457396
104.94152230667662
105.69710917306367
106.43611571741872
107.12891276158342
107.86955096397728
108.61281640711465
109.29665010698267
110.05284549707285
110.82211885870007
111.60603951852333
112.29692742130638
113.01000366419535
113.76083136422253
114.53227232167714
115.25054475247757
115.94518273125233
116.68468089925419
117.44919149205214
118.19370340540026
118.92171266182226
119.64077578537754
120.40101048295335
121.11690610742689
121.86644416686879
122.6082165475402
123.33575442904169
124.08864699511294
124.81045795287781
125.56641337890063
126.3045362055159
127.01682291389682
127.71444010943623
128.46944738398255
129.24539678951612
130.00344579233996
130.74683672673507
131.48437631385542
132.2476596926619
132.97542833925718
133.7404522703959
134.49318442333487
135.2391825056464
135.94467081037826
136.70826101549068
137.45981752653856
138.1839263227392
138.97101306479755
139.6889528757669
140.3991612931618
141.12623934195676
141.8280202053968
142.53562303765028
143.32882254030633
144.08757470711305
144.79903151738085
145.50921406482286
146.2732250755535
147.00327285152753
147.72951665419646
148.45053786434443
149.18086457085525
149.93570554653797
150.63882189578027
151.37819622895006
152.16389696024572
152.89746784504229
153.67206700248093
154.38257869029786
155.13333603876114
155.87573195799433
156.6127018977084
157.35081674101895
158.08536770341425
158.81477570586057
159.54388087218945
160.23964063410915
160.95635414383185
161.65976936295186
162.37300215738142
163.10869921159568
163.8371529340261
164.57922546444615
165.2956351144755
166.00564565351573
167.0065472437823
167.7506519730851
168.45859768477914
169.16320447898642
169.88553397179663
170.65587664335638
171.39736782093516
172.1568004600473
172.54561629299252
173.60012302889916
174.2833336020579
174.96573974211037
175.6763417905688
176.4821894495513
177.23183553302295
177.96929627416552
178.67436320658447
179.4137924326493
180.09956806892177
180.7857717416631
181.53956856193207
182.3613536762869
183.1016229351114
183.82034228248932
184.5535111032604
184.9374439887679
185.95933338871845
186.64518178692168
187.38171383978874
188.1603762353086
188.8937129021733
189.64553140800317
190.37623126611936
191.09426213113818
191.76971377969005
192.51381617464176
193.26086090300396
193.9990348080586
194.712085606384
195.41135352668758
196.18243153428182
196.90679657645381
197.6210598942326
198.36940042075867
199.1135859371222
199.87315678758847
200.55550352463086
201.28933037735567
202.0455732806668
202.8182714072081
203.50118063419796
204.23268907241453
204.94296259565164
205.65168697368802
206.3552395362346
207.09864875281474
207.83856657953896
208.555622899563
209.2196490748517
209.93152995872245
210.66576647951388
211.43213585807788
212.10119721905363
212.8837065140167
213.61686664078425
214.32993772600813
215.01300107202434
215.92242325998083
216.47087414355394
217.2132345008248
217.87321534480742
218.58811280190446
219.31711070232683
220.08505864037556
220.79813135578007
221.53007301503652
222.2653416819565
222.98359076045205
223.66067249428045
224.3912584386977
225.14829244509846
225.89671793549883
226.5536309553536
227.2475678907099
228.0341134295275
228.775051939513
229.4397961966109
230.19341232871898
230.95374130718426
231.67743473302784
232.3232177292599
233.0353062040731
233.80449818913735
234.5106883738962
235.2226431556661
235.91930090575835
236.66763352222284
237.4281844554684
238.15651348165193
238.8917738384166
239.6529834821847
240.34934408934427
241.74513121255214
242.45600441579597
243.20368650725743
243.933156157984
244.6530139378142
245.39343416029888
246.16373483775124
246.86029170859368
247.61448374769463
248.36890952337052
249.11690088058694
249.79272350555686
250.52576518481203
251.2711381929056
251.99958395263542
252.70200177709384
253.40363798569408
254.1315288998118
254.85219799374357
255.59984142665087
256.3416271129978
257.1060008523414
257.82498925847057
258.4609776956474
259.1966430478162
259.94844592598326
260.68611696652647
261.4454002361599
262.2542157190196
262.99888154406153
263.84746697532233
264.5479778792876
265.27861353183164
266.0184218627385
266.7548728436061
267.39878011263784
268.12094396482536
268.85664723265063
269.5801709008418
270.325829031516
271.05787087902155
271.7948820154168
272.5298136942272
273.2631938430789
273.9652187673857
274.7016323340945
275.4680988024754
276.1921303070212
276.9342094744858
277.6716109434586
278.43148549745194
279.10572495849453
279.8172984257636
280.5336127591556
281.28179372671286
282.03538721332404
282.7279268220291
283.49498367520334
284.17953460875697
284.8546895583055
285.55802852113345
286.2913235032797
287.10739425609165
287.8007078531158
288.52119672249785
289.28247468969903
290.0390362771462
290.7546791813239
291.4855514045522
292.2172072500181
292.9332517053102
293.63108147899527
294.35781700288453
295.05982998163165
295.81406180899523
296.50271075591326
297.19977040339296
297.96095257984337
298.71533627513185
299.4203337917561
300.1376123522473
300.9091386616386
301.69388218985785
302.33592212346616
303.09504814615207
303.8296008039796
304.62004062122435
305.2730480209168
305.9751072529215
306.7446474094687
307.50232371265395
308.21267898120266
308.95797879942535
309.6881378063274
310.39595458665656
311.0925084738754
311.84744523909626
312.59007179175865
313.29728988869795
314.01929463176884
314.7209815034894
315.4775250703442
316.2313448683643
316.9764735066257
317.6996344928437
318.4231844530034
319.16746746033573
319.8418521744377
320.5763931006874
321.3302565386966
322.06493960245314
322.7955843138884
323.51427421641785
324.2465583500798
324.9829747535194
325.66817690035015
326.3755765880177
327.08368094907917
327.81264534533597
328.5402332129805
329.2759423059156
329.998793093353
330.75325725816265
331.4278761822133
332.2213159467243
332.9222216196625
333.6297453316316
334.36564162893717
335.2163240455668
335.98321828401066
336.7368251967058
337.43061873371096
338.19854945517625
338.8216053582492
339.61258443940744
340.29539682534823
341.0193147347193
341.75323409671444
342.4815768682028
343.21703385868045
343.9146221137989
344.6251432754
345.38403106917303
346.10641281807693
346.8293421124599
347.54487908041574
348.26948558651816
348.97199514181835
349.76048492137505
350.5028588423472
351.21550753693083
351.9139452643259
352.6427982627367
353.3816796370369
354.10362571417977
354.80072663924045
355.49358160260516
356.17104589418705
356.93111736762756
357.6357777713581
358.34846580229794
359.0504537578334
359.77819472078176
360.4982768091535
361.23354240203867
361.9544903306021
362.70291261360353
363.4461470036821
364.199698660718
364.91231961047936
365.6550878893888
366.39326371184427
367.10215552961995
367.84115594336015
368.5709918016484
369.2823759033001
370.02867970611004
370.7653468509578
371.46963583350475
372.1762441709136
372.91212585785036
373.6806478621736
374.37087771929225
375.09388315400327
375.7849235741265
376.52432844160995
377.27491410597236
378.0309590068968
378.7142965559518
379.4421337390983
380.18519334100824
380.9467728027664
381.6565966899991
382.4055544610223
383.21519127757665
383.9046642490687
384.6488047581578
385.4053188655125
386.1540671657155
386.84996288248374
387.58468764428915
388.31281325764314
389.05232406280555
389.76948172755135
390.46067023961814
391.23323248482916
391.99559555020585
392.6946227929093
393.4101393811221
394.1372952176694
394.86577349620245
395.5878186226656
396.34497320520336
397.12944087840276
