2.06210613599723
2.6856848157296245
3.4480310873870845
4.228273110020957
4.998355124143568
5.7402245543574555
6.482378032254534
7.371100084158627
8.056516606182303
8.953694074392335
9.726701403030813
10.459183791205524
11.335236655957296
12.041824923241283
12.802485027383373
13.745992767097745
14.453150379480864
15.206052834446005
15.964915716227534
16.711190615684156
17.4861788040649
18.23118164424259
18.982281509216094
19.754600552769283
20.52627899587749
21.28989831770378
22.03628196153872
22.77599859459974
23.528183727437565
24.277254702775643
25.018361527608096
25.81821103525602
26.56255430668883
27.32388422656577
28.08858922098899
28.86783759819262
29.59735630127809
30.381513429986967
31.174379719072824
31.93410013706302
32.69797547201465
33.44195843100121
34.15907602063764
34.92068190483279
35.66036486585225
36.40803320992252
37.179270424334476
37.9722487157427
38.72390291199002
39.4674835554558
40.241319362387166
41.110101724301416
41.764771370810095
42.51641571361253
43.28946735127574
44.02250156677935
44.79563195329885
45.54575881915639
46.314036960260765
47.05094424350412
47.83849848480021
48.56674761313739
49.30828478288278
50.049927482403234
50.82715314895974
51.58441623580053
52.31237247838368
53.04877717756459
53.81752465459253
54.571503841737396
55.33206839817392
56.10285075774232
56.86730640280011
57.59286869247151
58.3487221115982
59.17581082102559
59.888199896561105
60.62343153081406
61.35778330503395
62.107673806481436
62.8651707637224
63.61938841645887
64.46236274773565
65.14163135524451
65.91784086508537
66.71221077770548
67.43919593650853
68.25495696919438
68.9366423872516
69.66342353873914
70.41184301852469
71.15585635551406
71.94456397902385
72.73088235633558
73.62321146567987
74.31448177068602
75.16855052960902
75.95012321196877
76.68794231798216
77.46247089749889
78.17762582939835
78.91309593719254
79.67939458563725
80.43974109450556
81.18665832974705
81.93761517864249
82.66056993264309
83.40299365909485
84.16203460837218
84.93629660966735
85.74473849833907
86.5251569698965
87.24811867668501
88.01030883126765
88.72483686984721
89.46959339339303
90.21502382793628
90.96589233173538
91.73311673959016
92.48824540639595
93.25517812390734
94.00283243279037
94.77221373194394
95.50405159929788
96.23623226166569
96.9912347634759
97.76521803716938
98.49044511736547
99.26769191505275
100.01980196342627
100.71391492747281
101.45828285080513
102.25587299732172
103.03981271039346
103.87893323134475
104.68261835027921
105.45990180492086
106.22419058284537
106.98810949360521
107.74483356412206
108.51767835096928
109.29180860551809
109.76378611684422
110.04520980085417
110.56267362709387
111.34531563949989
112.06718979216147
112.79747298295152
113.5578358416887
114.28839829797943
115.03472962513307
115.80358138717543
116.5440293724139
117.2654372351188
118.02521959669674
118.79304720251329
119.54856888029857
120.28522066328242
121.03693954481707
121.78368558744677
122.56042641315801
123.31446326766283
124.07832790737794
124.81111189438727
125.52718608593325
126.31781046446518
127.07152999018635
127.84014621352168
128.5659939267974
129.34264511128274
130.10340227294353
130.87786403995617
131.64971004909677
132.39050026052254
133.1581627449321
133.90434753853822
134.66508609240466
135.42849573406752
136.18718788832936
136.96627750770756
137.69592410971666
138.45924751242273
139.2323779964974
139.97135763020236
140.7253604984687
141.5178532505072
142.28857875739817
143.06047141865793
143.7771903349492
144.56647794303404
145.39759300028277
146.0924017993073
146.7874876823313
147.57639329399194
148.29914558643173
149.08250368135998
149.83222611587462
150.59038601319418
151.38125735864733
152.15836804874633
152.87931137278377
153.62929138893315
154.40068261977365
155.1755360253898
155.9532567189035
156.73137484109202
157.49985053562062
158.24516668864567
159.05178289711
159.79359481350943
160.5602955200776
161.32011925007072
162.09171632231954
162.83462095021974
163.5788462534065
164.33171767836433
165.09308773900074
165.87506722251422
166.6526547422606
167.43895730804246
168.17230170619183
168.91703152475552
169.68132861108126
170.4578555275417
171.2563742732604
172.02090635265176
172.7523055593264
173.53426363628643
174.29060186494746
175.0618013475121
175.8090549426092
176.54908691518037
177.3228084568427
178.10100775610437
178.85809500405625
179.61782477156015
180.41367332180232
181.16810984474472
181.94154363042736
182.69419977499132
183.48866114383276
184.25814009771784
185.0278437556978
185.7884184752141
186.5683635971526
187.31854298828688
188.1113305390146
188.85798651773825
189.625112615091
190.40445056940598
191.2067938546432
191.95353922143488
192.71174487951853
193.47931936854258
194.2713141883133
195.0664149819639
195.80966968582075
196.55540957181864
197.33150590954398
198.10284922237724
198.87005592502413
199.63337595339314
200.40901694150034
201.18707622088652
201.97862473810315
202.7122573084635
203.45593658305893
204.22689750847687
204.97646074757313
205.7673790924738
206.53728082031228
207.2868594232888
208.0487123677903
208.8429307558043
209.62429245717607
210.36797539757475
211.11232749006297
211.86506831744418
212.60079704355175
213.39068571463608
214.1448569235746
214.93172934967666
215.70062322990754
216.46059033903646
217.220990164483
217.99918537841646
218.78117584037292
219.5146926182431
220.31174591646155
221.08496262605303
221.8319985330043
222.5799612354874
223.3502867777696
224.12875965115728
224.9074313391757
225.686116394111
226.43149476836052
227.17670757836484
227.92546647455578
228.6865261000238
229.44281622906954
230.21506179521396
230.96875410577604
231.71077887640416
232.4733052766649
233.25182562277894
234.04335794948798
234.77111281894736
235.53352954019113
236.32220323420623
237.07346881718382
237.83270339701636
238.60981765200307
239.3435088538583
240.10992442599843
240.8718585100483
241.6214886547845
242.3737123545363
243.12989235204705
243.9023932982517
244.645630164788
245.41457857280946
246.1642787241727
246.91001173638256
247.66806042954278
248.42016563633854
249.17016076276332
249.94865086264213
250.69258214405443
251.41304878147525
252.1768919527891
252.9368785105861
253.671525107394
254.4489685220662
255.2252817315416
255.95476927243047
256.7206461629025
257.47089440036
258.2817101519823
259.00808312408935
259.77683621812514
260.53502583884944
261.29444761967807
262.05815705713223
262.7672610178017
263.5250903362322
264.27745980414
265.04426817684293
265.81926506215325
266.5834378737336
267.3110510769985
268.07138615133914
268.8059419586723
269.5527936788227
270.3154469936946
271.0833794355498
271.861040953825
272.6083898280988
273.3576172322232
