2.441911439792306
3.1160690833715083
3.750505649187576
4.379106581571343
5.000180914502229
5.624132683941769
6.250811341993302
6.887295745358966
7.518250753347038
8.13654294239769
8.755685449887821
9.389997643530277
9.9425950839855
10.628430845642
11.275767238663565
11.920572028548968
12.54863013055942
13.189878558633872
13.71923134131693
14.437517380808215
15.070402513796305
15.746502216479227
16.376907844019694
17.02332716122045
17.674188336758327
18.295751990382854
18.95413041425469
19.62398275194656
20.25184487663649
20.909027790057152
21.54861715907232
22.087576928105086
22.74272710063729
23.54376937658738
24.248871387631972
24.905285255066342
25.565691299142554
26.24775386129192
26.830584458381168
27.578783092369907
28.230688816252275
28.781224156641507
29.3869103237192
30.07892963624515
30.596428564221796
31.192196493963706
31.909553517725314
32.50555000971531
33.13226175762588
33.77130681148509
34.38226631522111
35.04828122602309
35.66381265811321
36.28116185073943
36.967381871234466
37.59619521823577
38.217639109793566
38.761198238047456
39.50201795139283
40.13772509525866
40.77399780647721
41.37012740168883
41.9704864210519
42.54643156431963
43.241334078834186
43.77901047576983
44.4742308342723
45.072289579019206
45.74805209133044
46.36464433143975
46.97107399979817
47.65675795316297
48.28131689281177
48.96866746790537
49.604645037743694
50.24636422743976
50.89009733385188
51.54537191904352
52.21517946287047
52.85110659931019
53.45885667842849
54.0578614102667
54.70290735684681
55.325710155169006
55.95469546319985
56.56411257711315
57.18001709108758
57.84308598119962
58.46568107537399
59.08213395985709
59.719300984315026
60.35245042424974
60.9907732606203
61.64575211681281
62.31167605208661
62.93577891872167
63.55581620675051
64.18781751805918
64.83108343544623
65.48647415343217
66.10279344300194
66.74592825212257
67.36626649387253
67.99375582813659
68.59320674893921
69.23728995859784
69.85846506998604
70.46517178597267
71.125706956249
71.79757166597983
72.4286999335313
73.0377416094916
73.70941993816403
74.41342680694798
75.10143508332469
75.7160922665875
76.3698774378489
77.03716455051371
77.68705666993013
78.35928905723308
79.00225525921736
79.64625838121445
80.30504330566268
80.95497755119405
81.63042340172852
82.27291118318875
82.9316075417135
83.57552048390889
84.19821406766265
84.84224739138774
85.43268492270067
