1.9889221906853085
2.687194463751273
3.360747007896685
4.0259767414008945
4.67878905123081
5.365945274222753
6.039948332771427
6.697595332949346
7.382587971658484
8.088417175266065
8.761624338373672
9.442294789743727
10.072076980504875
10.748557953326493
11.446854903285562
12.096330711699515
12.763225187447965
13.412079400406732
14.063683974780442
14.734072416578314
15.398467053636788
16.07239755805512
16.752094060108245
17.394388698254744
18.055055436438995
18.72821622766564
19.370605441334376
20.034354390465992
20.77220318948138
21.487038381123963
22.193170729570898
22.854275928887517
23.515360713670947
24.191789449549688
24.884368776872435
25.50644783022075
26.144252599487317
26.819500179851413
27.50107932619123
28.16239760276178
28.80518168443112
29.472370953346562
30.12823814471851
30.760120152748705
31.39193066593881
32.060668033316475
32.73971079442752
33.410382447080664
34.05331906192257
34.69792604819018
35.33536106698688
35.9858169543851
36.61228141506133
37.2968347155176
37.92874661668625
38.5513190533954
39.19649384556786
39.87879315694292
40.54957493732005
41.20486507726581
41.826103766823
42.53415086772409
43.17362806685828
43.8431788707729
44.49567383474093
45.16061444127246
45.835056156539125
46.52133096879038
47.204080581093294
47.86536687117942
48.516200230212675
49.18814958890152
49.860700727679045
50.54071125601773
51.21646730892421
51.90990740998551
52.56278942180211
53.2419891045369
53.91231940771826
54.56712780633015
55.21924150831626
55.89860188451935
56.53941942387634
57.21959884280107
57.879704408529086
58.52347444403475
59.19089743286969
59.89648440722469
60.56324240033244
61.244036899877415
61.8754292526516
62.5240799707733
63.19511434265317
63.939892299709584
64.64815303896337
65.33829369085049
66.03096732796872
66.69517108380877
67.37892633348511
68.05835050591483
68.69901175330489
69.39583622393687
70.07092817340526
70.7349115185101
71.35831854837687
72.027104579682
72.67530895692495
73.31719194389026
73.95069324150671
74.6687745003037
75.33229992752113
76.01083637278063
76.66448926506041
77.30871757538029
77.9593486859827
78.59905126732653
79.24881550735515
79.91201674024467
80.57939010168053
81.22770341985725
81.85944730282867
82.50386881917552
83.17579125452795
83.88295711153117
84.5265144684355
85.18770036138694
85.86710679235009
86.53639446920094
87.15924485825829
87.82680023073132
88.53209167380061
89.20050330373786
89.86852611156851
90.51652940855618
91.19650289868679
91.8724068732414
92.54464014145961
93.24038582023279
93.90061702173426
94.56915543341651
95.23945742197165
95.92688261561126
96.63214253606249
97.27145456572717
97.94763150388921
98.61614566526991
99.28380581279987
99.992115980333
100.67222703522137
101.33185466094623
102.00328508308857
102.68043011762168
103.34025995868873
104.0362480755515
104.70472830578238
105.37653065878118
106.06448257906283
106.75151055395699
107.41730189833933
108.08491031109145
108.78543235805523
109.50536910220976
110.23370498736367
110.92067220545695
111.60964683284956
112.33348830407114
113.0607972027895
113.81709591225358
114.53766322276094
115.1971333594773
115.84093902222367
116.48834291271069
117.12789655676079
117.78552151008824
118.44760721052174
119.11253593505126
119.76114552756073
120.44533970880042
121.12122272454977
121.76613787716906
122.44591062190463
123.08968942254221
123.72597821992409
124.37746374835831
125.04061584781505
125.70571802264003
126.3533463221809
127.00926876360492
127.66017257650236
128.28921633210098
128.94582011808467
129.60160584149017
130.28665166440845
130.94159199411712
131.59244392175145
132.22029261869906
132.8973418567187
133.54591755820135
134.18857322529578
134.8364691353468
135.4840635538138
136.17205445191848
136.82928677342258
137.4653404052526
138.1177929272529
138.76629354744455
139.40981695539068
140.06577134999924
140.71800091481705
141.38544501380667
142.03736393439561
142.6567810374846
143.32567248413994
143.97348124578016
144.61713336337942
145.26955901685767
145.92274284503898
146.58068286064207
147.21634968617502
147.87642017075154
148.54665803902446
149.18541278955962
149.82885495110884
150.4774866993477
151.10680519665704
151.75411058680925
152.42058333141694
153.08465142711668
153.73339176434115
154.3612702899972
155.01350518367389
155.66570602782622
156.29715426174346
156.95668045394302
157.63743319738109
158.28942233652793
158.9371872991477
159.58151899525006
160.24088385438614
160.8689450365594
161.54819891387712
162.22145296258722
162.88517969356812
163.51720429581266
164.1530346485921
164.81779464422658
165.4615600141712
166.09790992310388
166.7616903804018
167.3976267623032
168.0602740047858
168.74079725250442
169.36573904535746
170.02654266280211
170.67437631775582
171.33031165595656
171.9926372246061
172.6812531449269
173.3643229419381
174.06191491044797
174.77740676465197
175.47338429972987
176.13750725161748
176.833046507714
177.5326319359187
178.24555878540804
178.95318732580603
179.64200263884953
180.32106164045473
181.03334406111844
181.71741254206756
182.40161717365487
183.07757633924626
183.72087975828913
184.38051528102432
184.99043487532094
185.67987211254427
186.31793543863284
186.96094481173236
187.58575895157904
188.2209222806194
188.88865515794396
189.54903331878572
190.18900925136495
190.84484184757497
191.5018176057028
192.13763933688494
192.78090073146285
193.41761232775457
194.10499160159293
194.73296862555247
195.3767499003667
196.00075179738803
196.68060885294395
197.31718753733918
197.9450229791724
198.57612673542977
199.25261057749412
199.8808188146177
200.5126063159792
201.16925585980755
201.82159120334887
202.47358235695876
203.10125080936183
203.7813937238729
204.46179255279924
205.089306049654
205.72906407770176
206.38088382606412
207.03711383744314
207.6650305071895
208.3124206858821
209.00859874742747
209.70493070804758
210.3818108545138
211.1136180603707
211.79014135285888
212.47467568444114
213.17407971107778
213.82968864419956
214.4897147451511
215.16483051443643
215.79751652752367
216.432956469185
217.06063937891204
217.69714841505458
218.36853218153175
219.02920652533075
219.66875887667368
220.3302942141565
221.00539326403748
221.62992199611742
222.26133939203933
222.9167951034354
223.5571531880539
224.19633665017614
224.84920327681095
225.4815177059225
226.1662123518976
226.79022220309452
227.43317988455652
228.08175053480284
228.72947317601535
229.35390266101254
229.99280795212343
230.65332214585052
231.9380238632549
232.56059248646972
233.2125376594028
233.8620488787472
234.5095775707301
235.15423348828938
235.8052017676975
236.46369294565943
237.05342307226167
237.68073968187198
238.34567064993124
238.9694872751215
239.6167628693221
240.24447032535943
240.88861504276525
241.55312009112953
242.205370916741
242.83279264461248
243.47280567335486
244.12536852034165
244.74616166130727
245.40552890741776
246.06504483554102
247.33707629411094
247.96076253067383
248.58535625748095
249.22881374769426
249.88063772844316
250.5257939972396
251.18142928352535
251.81964742023425
252.44903361349594
253.1210323199148
253.76080926721335
254.36534809515078
255.02562708959755
255.68912212412584
256.3900933723534
257.069682585372
257.72883119254163
258.40460828990246
259.1095391456272
259.76195234141727
260.40851464659886
261.0804105510556
261.68953001261326
262.30616405452986
262.9619269596193
263.6602265394516
264.2812560381626
264.92036677322886
265.5895557883182
266.22424874111937
266.85675665557613
267.47744925946233
268.1173644187945
268.74510136240986
269.3571172860885
269.99717497772156
270.58641236606434
271.21216722971513
271.82027582371325
272.4469076381165
273.10516680192484
273.7415176517028
274.3692250406243
275.00938481177013
275.6238184830918
276.2882913535424
276.9411337984611
277.5886917615082
278.2336766018171
278.84070801288567
279.4889378317414
280.1525585264085
280.77317769383524
281.428063978158
282.0803876171311
282.70923091273755
283.3448595698186
283.957091034668
284.60842837308064
285.23253364961425
285.868696657652
286.52166415661196
287.1489553752266
287.77193722415404
288.40410226279766
289.03663609643604
289.6840360859571
290.3211954358606
290.957235160791
291.59755249079404
292.30917874789634
292.9798440614003
293.6764551530674
294.3454842193265
295.02111993369385
295.6930205401993
296.35270636287134
297.001429366205
297.649839368829
298.28989013261696
298.9090008522397
299.51293725926337
300.1170366917287
300.775915006496
301.42490929448905
302.0683534675409
302.72042207065255
303.3607364105204
303.9893376835621
304.6243404311574
305.2891218273887
305.91687862749234
306.53686901235733
307.17305708362863
307.8125690137349
308.44390974163986
309.08334893334194
309.6922323984155
310.3374990649839
310.9843488165519
311.632497614509
312.2436124794667
312.888967725754
313.50513962827694
314.13660889304015
314.7722815476009
315.41599426492064
316.05639090407317
316.68511887226623
317.2772995590499
317.90061557728467
318.5275555055009
319.18916670219687
319.8331377809371
320.4261497204126
321.0721322124342
321.72879455445945
322.3286341596776
322.95186250064467
323.6283625778888
324.2445603166856
324.86051920503274
326.1769607913552
326.7805591065869
327.4172354532635
328.0292573845278
328.66199566068246
329.38459995247945
329.95144307093153
330.5718366272555
331.20852738408115
331.8446565138424
332.4958423295182
333.1408665473149
333.7687555976879
334.3850173889176
335.04458662989254
335.6724402244883
336.31242285914004
336.94028006560313
337.54082051431817
338.196755416399
338.8443955568978
339.46442416442517
340.0881092881027
340.7321376815573
341.3644438382479
341.9879522795246
342.61933988318276
343.28044095784867
343.90839709310166
344.54006910568864
345.1415132936723
345.7848800776618
346.4243576804101
347.07235448863304
347.7171302157741
348.3721065474024
349.0361108440063
349.6916347266773
350.34336584554904
351.0115802690031
351.6696786647776
352.32697914747246
352.97662097685424
353.62452614169274
354.2723055570039
354.9289783972764
355.587908077015
356.24452912894833
356.89772360672134
357.5681107214745
358.22041983532495
358.8649960312516
359.51285579889696
360.16412011479906
360.8116022237823
361.4389945268896
362.07494799079245
362.72770130359214
363.4167795480315
364.0870388152973
364.7117879025185
365.37168016228713
366.0760647046536
366.80482837493486
367.4976154455349
