1.8103240229048883
2.5816888704623233
3.3398242659257886
4.10169526953355
4.885948158393323
5.652696940299201
6.455829709594085
7.285387441384608
8.108016583003227
8.921204824068738
9.677131365395589
10.477098055790268
12.094260432068099
12.707596532472298
13.5212262352354
14.294672410036835
15.079261350262879
15.853631055610396
16.60052222548737
17.362955163214842
18.120250856916282
18.899200735030536
19.65342253052478
20.394470470173474
21.169743829253257
21.94024152532652
22.691166969981083
23.44611850137889
24.192184039631695
24.953957386514674
25.758277782295686
26.50679190903613
27.276923527990974
28.023825515526916
28.76696498486163
29.53024203365456
30.27133176072983
31.031227083788423
31.748156739054053
32.54809673090888
33.29419877810815
34.058950536294226
34.8689587448315
35.64816019978875
36.38483113197895
37.14786484949478
37.89992598008226
38.64667201969473
39.3899908757667
40.16105994698967
40.9371709050278
41.69454640399849
42.395161783569364
43.182733738187025
43.92493770064415
44.66627601442414
45.3946757691431
46.13159984807653
46.89276702326838
47.6637428925733
48.40583791183019
49.15999765649138
