7.695499760637934
8.122908795780631
8.6809981271374
9.258106748665497
9.814173804638347
10.378733867808123
10.95032845831436
11.508199787232146
12.066750268840863
12.68042792539804
13.160915847379018
13.718081550529401
14.265938651197008
14.850253261008449
15.391447819899366
15.934028965652413
16.501160358385437
17.066324606924805
17.649789045061226
18.222309317856165
18.748084775788715
19.328431398527094
19.865914931282312
20.43073149422055
20.99971055524459
21.57005736849558
22.120531565885543
22.773951491861933
23.245305689075124
23.80310034137828
24.4390264417031
24.905713978619293
25.488438873816122
26.044874721381927
26.607671369541432
27.175307925643825
27.73746083962105
28.325029690163994
28.88466429515439
29.448995057145353
30.00392148512944
30.592033015315724
31.12843576198424
31.676506092131696
32.34314390086577
32.84651955339842
33.408616827039864
33.93743359372003
34.50079296823485
35.05710650114632
35.59684723610415
36.17307515590013
36.73154269707781
37.31766942852512
37.86935850660268
38.42619772276976
39.000651568059894
39.55433247872293
40.10212419687611
40.78254316127487
41.289164240372386
41.8735678538333
42.528145897686386
43.10967719938934
43.58223540101922
44.16967786471426
44.780853045595904
45.332356722188074
45.911964793663074
46.40350103166535
46.97864078459621
47.65515221694645
48.134032738813524
48.68978806646327
49.242689170820064
49.81580518502565
50.38242347617751
50.96198723740804
51.49050054002046
52.07262924891652
52.65010704292882
53.22938704365883
53.77387455314226
54.43920534486823
54.90096297851216
55.46865505015094
56.03355333860941
56.69429095735477
57.166675056602884
57.74105836610799
58.302454988519415
58.8816936097662
59.51280079493115
60.0903609363272
60.68114121582739
61.24607830822863
61.72754495057876
62.29946010056388
62.98694774736935
63.48210465157556
64.0719779350946
64.7579858760416
65.22108585674069
65.76551843391954
66.40295189663382
66.98886267277376
67.48081959333753
68.06754443132407
68.72780869006081
69.274730867356
69.84738182930604
70.398428923148
70.99392828165638
71.56394109215117
72.131527777404
72.60792951491932
73.16017156072272
73.74201448757248
74.30582712726877
74.85801661298314
75.4258374847787
75.99099154909703
76.55756247182052
77.15779797706463
77.74781386874707
78.42707002370686
79.0292253755912
79.61126645335399
80.09822265962447
80.68496958453909
81.23708241684152
81.80381348545347
82.37264529657827
82.96377341567201
83.49898355442232
84.08646667578913
84.65325997267581
85.20532444559807
85.77696218091785
86.33065505146742
86.89690651601845
87.46713383148051
87.99692190704602
88.57164272263444
89.14864032645757
89.6751503666151
90.21772601166194
90.81705203447902
91.37694915090103
91.93957740151257
92.48865125651693
93.05822160584438
93.62378327966337
94.17920653323684
94.43870210231734
94.7513546429931
95.28531392070455
95.87140135980712
96.43149008023548
97.10827047409796
97.57559096296845
98.2220652273212
98.77952941017
99.24764896105431
99.80694069537391
100.36715746588098
100.94170405382692
101.49112283005012
102.06561947931237
102.70089495077661
103.28538038316802
103.75855907945366
104.31393437183674
104.85762973749607
105.45029423756765
106.01790806454409
106.57534364044284
107.11360725363983
107.69673465759433
108.24906746429419
108.79871841372717
109.39787746370428
109.9670281959432
110.53144744526224
111.08996886944344
111.6490772362809
112.31766650713176
112.78764578459628
113.32107886267502
113.90344335277975
114.46057841412991
115.02564139604584
115.59898840161729
116.14758509900625
116.694583504585
117.22855949667183
117.80465656357445
118.37694013436331
118.93254621427894
119.48298461374014
120.14360885586946
120.60893007151739
121.26765949900943
121.73211332154085
122.28924563713295
122.85082550491643
123.40506541295069
123.95972773057998
124.52794266660672
125.17414281849221
125.63486633969521
126.20237497914981
126.74821365664344
127.32637182259697
127.83836079534416
128.38830205750838
128.9382544512224
129.54185658112135
130.04849807507748
130.6064022005278
131.17746137590206
131.7144252454785
132.25836436498514
132.81958535412377
133.38215863803106
133.93893813107437
134.47680904993
135.12544357396922
135.5967423731278
136.1419534064759
136.70843987459526
137.26186223978692
137.9165303551979
138.37633413460375
138.92742481919493
139.57749309513628
140.0512274692791
140.62508586537936
141.26623134885003
141.7364330668448
142.30494339141418
142.85324291277502
143.41090864584737
144.07429162939326
144.5428283577992
145.11382350834333
145.6867374661673
146.22765872976507
146.79424059951504
147.35788538631215
147.97841404290898
148.52293700967223
149.06423328467457
149.63865238035143
150.30711899130642
150.78313299682313
151.45367011024706
152.00464994142726
152.57007021347374
153.0368696449305
153.62824736147212
154.19131886185184
154.73511738854677
155.32568685859212
155.87676751620927
156.45821061003903
157.01458977190433
157.56046423154703
158.13449605480142
158.6867566597299
159.2708382562954
159.835848204924
160.4184008290526
160.9815612989786
161.53447207417133
162.10427502112125
162.64574323365034
163.3266485199844
163.8086578594523
164.3662046665919
164.89587982823048
165.46975867304013
166.0362439037857
166.67319674005856
167.25810413529496
167.73214834236717
168.3036362827406
168.8647172201714
169.44016826138164
169.9796283116817
170.54719612888587
171.10397467779376
171.78113967272424
172.2352479222794
172.80353415028492
173.36288802437613
173.9294559490611
174.5174789812924
175.18347224990148
175.62493925419903
176.1989337427475
176.75385996441793
177.32467589951773
177.87830473410673
178.53301551689498
178.99707490397643
179.64739643677817
180.1377606557189
180.71900594530175
181.30111384417012
181.87542446518597
182.4591173614358
183.66972608581423
