5.4618280155261045
6.210538247405362
7.786771853471991
8.5788223541253
9.401490253785026
11.014290945984136
11.757965919201226
12.549785151074929
13.320357798324856
14.152707450618301
16.541700890383005
18.102762840389047
20.432238091064796
21.173653888016243
21.934480521356353
22.727663119780544
23.495010022336373
25.092575546214427
25.86225841460113
26.635083512936575
27.39158697047091
28.134371457361553
31.18699481215721
33.57788648500866
34.34819828496944
35.164747777676055
35.99915646550775
36.91309839370002
38.6263759029473
39.38274256183934
40.12626440672602
40.92138820715631
41.69292327735032
43.25648046814439
44.028302016285025
46.4591426622536
47.269839882569116
50.44897832299908
53.57528892322301
58.36547846193616
59.9340585566643
60.70548486072474
61.500061316131806
62.28091613163012
63.060533560771205
64.60069624158116
65.41328224873409
73.27860176813374
74.05987554957511
77.97228629676567
78.75896724513393
79.57256066106712
86.10093628758548
86.84094914731085
87.64602979737315
88.47144696247943
91.64237629779984
94.82668448883902
103.44550920033328
105.83966583790439
106.5929601381209
109.7460324249455
110.5282207950759
114.45192866563568
115.2027442098311
115.9871397819345
116.78301265370837
118.3452070182111
119.10094388798893
119.90392624251812
121.56516515349524
123.12262728422746
125.44842651183305
128.57262698193398
129.36549814381766
130.1778163317667
130.91174044693844
131.69454743385018
132.47912127951162
134.02760296837496
134.86823312697334
135.62283547706272
136.41456648608377
138.75659538287965
139.52674021989554
141.86574606354054
144.2200642392477
145.0033188285239
145.78445631886353
146.58409099108877
147.34350889487757
150.46815667993357
151.30334696170394
152.0100935998626
152.7279405439179
153.54557142499996
156.62333632478993
157.4006169102038
158.1477361732425
158.9500083934007
159.7106618552064
160.49802432916533
162.82032781798395
163.61609031469877
165.15097173032734
165.88729776321009
166.65829218507477
167.45554971752898
168.23652443673893
170.54137696309982
171.2990427637581
172.10216161123742
172.88729112280072
173.61711791395072
174.40551609325928
175.20067799322067
177.51242015314438
178.30039982547024
179.08946099311834
179.85125413882406
181.4173016794195
182.1847362568951
182.9478665362453
185.26650296124689
187.57140408676594
189.1118440434081
189.929379806796
190.696009252134
192.24863003290153
193.04096653258665
193.77942439154617
194.57439629265178
195.37811603746206
196.155317376784
199.2372354769458
203.11659529707578
207.91028838678594
209.5072527959296
210.2849059119091
211.05911493257352
211.87513647167654
212.66032838390583
214.2125426685772
218.11478579907663
218.8875809345193
219.68939579447556
222.79989013431947
223.5822426836288
224.3411556835722
225.93229807548
229.02949897912634
229.8440435267204
230.6328705492899
233.70098136262322
237.61169037567777
238.39124258387452
240.74973198970574
241.52319244795822
243.07066508073137
243.84864957685448
244.63923884053423
245.33459510468566
248.59964272731588
249.36448856296192
250.15288172954502
250.91597767340562
253.26553374142543
254.04521591578947
254.79724195527126
255.5836727151823
256.32544582744225
257.1701587700224
259.4999415851207
261.0235426919237
261.83981307066637
262.58602671230494
264.92122283382224
265.6844194318519
266.44725254707026
267.2515846949708
268.0612642412617
268.8083635042052
269.5772834465591
271.8972438474485
272.7127478979894
273.50574420976665
275.0090662110308
275.81710753552045
276.65271908610123
277.3912166918496
278.1930893318138
278.9718390575774
279.79135475666817
280.5616221212299
281.32530574168754
282.9178452279057
283.73385930845177
284.51295234415375
285.2768433348157
286.01859999411
287.4862195357962
289.88056338136164
290.64106480681687
291.4661257945678
292.217111935379
