1.591831747233555
2.340969283427138
3.019956617425885
3.6913636004602193
4.308433908728977
5.066070334253457
5.744673252417552
6.421741680848632
7.077215545855591
7.775696191063914
8.43798493648551
9.113517787249393
9.802994189741897
10.460061113205185
11.119852630768381
11.817373571433698
12.477092511438432
13.135026706365576
13.80642016788045
14.47168171884404
15.154970816157459
15.829342134461143
16.491764866973
17.16707842750594
17.825399836661745
18.49425091531826
19.17698697029872
19.858754114747015
20.517195900989222
21.152111456867516
21.815685160803447
22.452103360703312
23.109495278793794
23.752241724617697
24.418085012283452
25.144501719093885
25.794043245483426
26.454179860632067
27.11128156677572
27.784386085658788
28.42300460458801
29.082891411564873
29.727654202144418
30.40249135587361
31.07906445084882
31.704218840105504
32.361391398094774
33.03792973528664
33.70695556241017
34.35772225661167
35.02807176963744
35.652578857943496
36.30519644498811
36.93531519686537
37.58809669214138
38.21142099445088
38.873564080105325
39.50676289878879
40.18459597779498
40.813478306700716
41.47271118153145
42.12002013814333
42.793545510092116
43.44241713866971
44.07142145249344
44.72882614506064
45.35356964967495
45.99037877035792
46.65094693305342
47.30793379860119
47.94412776695195
48.572789024328266
49.21580784994829
49.898708290227006
50.533432382776546
