1.8679205291598806
2.589367061746114
3.28431122029675
3.99335681019543
4.710325853657291
5.4104540767334495
6.722375611776196
7.516087556250547
8.172563118730821
8.826917057725343
9.528725348138426
10.219009434760288
10.907840037876845
11.593177545817728
12.304620454956344
12.990483730703072
13.66988308532183
14.347399095915465
15.045631358846599
15.729592616194811
16.435593429585012
17.081617273733933
17.749075132889757
18.423363774632143
19.11028046952967
19.828399706844294
20.540511683747084
21.23769680639834
21.92656563296645
22.615550212005218
23.324707097321692
24.02783700878173
24.749242030702447
25.411730825953168
26.130819453857775
26.808503474628047
27.500601851079214
28.205168289929116
28.92555060962625
29.60428263011701
30.287010010614715
30.985658693442616
31.671420245569806
32.34077734361167
33.02849884084947
33.742700082692366
34.50775392880307
35.18155033464001
35.89833287564025
36.56832686015744
37.31327726753119
38.010602448281176
38.7049708443819
39.41448319618367
40.100468085045314
40.774679063356366
41.48932412635368
42.19495289184465
42.923393247384865
43.6063264028374
44.291193056747105
44.97324195811049
45.703395653052056
46.3907253342178
47.083025648881865
47.774816585895735
48.464729156302916
49.172829890266556
49.87878654287884
50.589311898094785
51.304592629300096
51.97058814179719
52.66513908420476
53.342926598159025
54.020360207596724
54.764522359925564
55.45477629648468
56.129589489768925
56.83817350197634
57.51410634851342
58.211058385547815
58.897718924977056
59.63260870845145
60.325249093650996
61.01279559958399
61.70637928551334
62.374732756560896
63.05795119249529
63.794647693863475
64.5237122269227
65.2486342548746
65.93408427034173
66.61603599376234
67.33343690699802
68.03912367024786
68.71854341495343
69.41766537020797
70.13152041215342
70.81856791185348
71.5143471981955
72.23358308756715
72.9259916501352
74.25621860424313
75.03435181890052
75.69143986796018
76.39025804923287
77.10430327194712
77.80580937043625
78.48850970637126
79.18784928153251
79.87439004249502
80.57947355735823
81.30428532260296
82.01795596098414
82.70588587264426
83.41165730052583
84.11271902757194
84.77632770665056
85.50657921201481
86.20205248373122
86.89763084942506
87.6630611665391
88.33672703968782
89.0377172151842
89.73539287490222
90.44525968854629
91.15973775846784
91.8493391985555
92.52311053074048
93.2430006974319
93.93047488648659
94.6086682203439
95.32802323694729
95.994083069216
96.70103252788479
97.41163160242935
98.11246263209458
98.81681806082713
99.52421641449858
100.21833865702062
100.94760253396059
101.6581735106994
102.3317690949998
103.06652283514067
103.70719332240176
104.45044302629267
105.14596842288555
105.83709960763261
106.53805690069939
107.22621807338881
107.94309719264365
108.65359856197993
109.34936949442623
110.059625695854
110.7733943670216
111.42471775190339
112.1496626243764
112.80984741577447
113.54626273848588
114.23740297118925
114.92655316922969
115.62712276302193
116.34413658943552
117.01836135993742
117.72416886323153
118.39398414064344
119.11052694019726
119.78153781082648
120.47740930845615
121.19367211755406
121.85167655531865
122.57356814375386
123.26136881046313
123.98950954744627
124.66764556263057
125.37766498969481
126.07705993096774
126.7684980986
127.49847885946131
128.18121188474032
128.8841566089141
129.57757895043147
130.30962201542653
130.96776486538226
131.66799319566238
132.36939290831768
133.05535653313396
133.77561554280516
134.47782077756708
135.24104407309483
135.92842937212376
136.65514429145844
137.34497793832114
138.0118170862199
138.69179758845468
139.4119783588022
140.11641975823537
140.81719925841858
141.51057405878646
142.1891997791945
142.87526385659788
143.59469576172154
144.28510384406385
145.69680038027832
147.11157300029404
147.81868231018512
148.47799462169309
149.18307458052746
149.8702523740584
151.26121292169424
151.98227624560928
152.70053276746143
153.4092947938258
154.1055934259407
154.8040452242098
155.5026358674805
156.2052979002075
156.92484781869734
157.67038748923966
158.3439813075882
159.73009813120157
160.40640607526052
161.1049738519206
161.79398342761064
162.53752506366553
163.22414007272462
163.89003666665462
164.63629906579183
165.2193291214552
165.98005832090485
166.67318007754946
167.35824168084667
168.07163263249953
168.7980471694758
170.1977636899337
171.50537711255518
172.2502293211421
172.94333601932195
173.6547784575406
174.3793671677032
174.64469613218978
175.0767561098117
175.77654155846352
176.48109819095643
177.1993797628572
177.89650316597482
178.6056099642384
179.2819447112184
179.94274617065986
180.61773275826744
181.35466542124357
182.05898508687508
183.4199463800095
184.08048435737618
185.51594787714043
186.44210361003337
