9.735854591650961
10.318395824096976
10.958944665253178
11.558414002370624
12.176596781893666
12.797134794601655
13.395474491519602
13.944604556314934
16.33093488642903
16.892424297002364
17.458138319494303
18.02901875883335
18.60537385320342
19.169169047984667
19.734281385580854
20.308752958451805
20.86626417663759
21.448187321886724
22.012155031807087
22.566272103477896
25.39917111817578
26.56149551341098
27.102709353138337
27.65909701624573
28.218310768239327
29.303126628447075
29.848045768704008
30.397089620438713
30.984483119801713
31.55325410639785
34.48051936682648
35.06904707344176
35.63716764951213
36.193420046863054
36.74483442687122
37.88862486542594
38.44946474950291
38.97850120448689
39.53843790706045
40.081860756468124
40.64329489730133
41.19923395743939
41.78839620852239
42.33145115950696
42.8886144733753
43.44371846666537
44.55002550745729
45.687472184592956
46.257605703490725
46.8132864746253
47.37100672990051
47.948789887190934
48.49349877685481
49.027690445243636
49.58381281399218
50.13874114071598
50.70081886200517
51.25814761299606
51.79682725099201
52.363865329609936
53.49352314710776
54.0477185516907
54.58469889654182
55.147899707471126
55.70688031571553
56.27509658666687
56.86192146770503
58.593365934374084
59.17119512875253
59.718197938628805
60.81436910122045
61.36400347687055
61.9143016838101
62.46369970911638
63.02330807842691
63.563880627649034
64.11301263310307
64.67011274519894
65.25466506694114
65.80568941213127
66.35322829379979
66.90249811075778
67.46727243265465
68.01489312744786
69.6768968804364
70.26880949286567
70.8076984504857
71.92249610295485
72.48313640405078
73.04087052456349
73.58595517832033
74.13178147280406
74.65585240342963
75.20217736907155
75.75248387193867
76.33120805365095
76.8581819886954
77.42854450613669
77.98416937514136
78.56533178603074
79.11591190337512
80.7829048435506
81.32064823393115
81.89289799928994
82.43681600047067
83.53588285238007
84.09738266965378
84.64259779951917
85.20859434955469
85.77283338448498
87.41343821670979
89.07531045135005
90.18971738083744
91.8403715160168
92.40969361689919
92.96371761809596
93.52739349974601
94.0788039500951
94.60968172451409
95.16522847884866
95.71979581256123
96.2842695246662
96.81679331125274
97.37163075307686
97.95302409545491
98.50456976876382
99.05733525707406
99.61480733774223
100.17974184164633
100.73319858418549
101.28382772546578
101.82688339774505
102.39371458267448
102.92179966895765
103.46095843568823
104.05817461904338
104.58388934339052
105.6929551346356
106.24845041268365
107.35540630687964
107.90729894644838
108.49778001868314
109.0494678125584
110.14915457658041
110.69965565434148
111.81998944276225
112.35091124436904
112.88747988607575
114.0528211752594
114.58804644280397
115.12028887191472
116.2122814162694
116.77312346201369
118.4521695439812
120.6645269002556
121.21033324735517
121.75833211914612
122.33856466215357
123.45592907384666
125.05132920136714
126.14459421361897
126.69271887172113
127.27367674151174
131.65673101938037
132.75079426848163
133.29466864104063
133.83431361563746
134.40052089127204
135.4579671109646
136.04161455863974
136.60279016408364
137.1646601946425
137.70170834742535
140.96033347050985
141.46914797368294
141.99385686076138
142.5266939374526
143.09088408234805
143.62080503582894
144.17052875897744
144.71550423641264
145.26770113466984
145.79592337651837
146.386046961006
146.89659201541156
149.6681209016908
150.21565511753815
150.76219116481923
151.28006468001408
152.37240708613146
154.559175645678
155.08288457383767
155.61754134259158
156.17222572318985
156.747428847554
157.29195361421495
157.84454112541374
158.3615051996499
158.91923232642714
159.44969077418685
159.9761443426052
160.5373023193337
163.8144413150897
164.32798423545324
164.86479087062304
165.3902959482472
165.92211860566144
166.43465923260874
167.0057541347543
167.58366171665793
168.1158527967502
168.65836329792504
169.2083473108884
169.75830189439083
170.2973634666196
170.83703040690352
171.36316465331183
171.93273439584758
172.47462220933912
173.03107203588868
173.5614358849781
174.10157796630958
174.63676901290495
175.14918384646532
175.72520265898052
176.25045109205493
176.79648002311106
177.36450016093596
177.89571826115235
178.9946554764804
179.54536337292902
180.11807896374108
181.7319876198967
182.25577864979832
182.79683778322783
183.3113094730715
184.43365350245705
184.97638618413643
186.56713350364228
187.07978050480537
187.67134251378454
188.1881900853909
188.69585413605105
189.25033619090888
191.95802988939857
192.51283923180375
193.07097029057104
194.139248744108
194.62104828023124
195.19433407602034
195.75454853345963
196.321699618902
198.4928321875813
198.97093904886347
199.53983050524963
200.0862683604818
200.639099465927
201.17147862160357
201.69504192696073
202.26209715804598
202.81892420444194
205.02781974037208
206.55346079187902
207.09799299085134
207.63489825924668
208.16881461084688
209.29475151144183
211.97400296731948
213.57613245751588
214.13170526766723
214.66791487186111
215.22701320843765
217.33327860446218
217.8609986325518
218.41886187300804
218.9488742762121
