4.898121414208861
5.5487186181178965
6.271111595560802
7.01051685249735
7.7196602116194395
8.413987988497041
9.179094212256334
9.894423241333287
10.61659934227024
11.347359654075657
12.065615827298043
12.795452732493494
13.523243333614452
14.260595168609065
15.012901091071512
15.699639522751056
16.406472391106114
17.124340746978476
17.848494707915183
18.614591070684654
19.349939698655405
20.049494454850006
20.786790337176612
21.497350544620488
22.20536172577331
22.923367484142574
23.645580520911025
24.397918761997296
25.107470796667055
25.75628410859559
26.565914152788604
27.269606670562847
27.99283261348456
28.680641798605567
29.461212114991522
30.18025219325747
30.910571619526742
31.619303869458772
32.34819365022059
33.09420821497404
33.80598416691648
34.515135291693994
35.27531758821709
35.97992058675057
36.72117813387765
37.419554356514766
38.177507818553664
38.92822976029304
39.646233763521785
40.35696938597365
41.127342074429635
41.841323863456935
42.5540794489863
43.27818170412499
44.00147959238083
44.73666316400116
45.4553647137642
46.18628558505925
46.94237194430049
47.671071449418065
48.39762554205092
49.13806583481233
49.86951305954131
