1.0601467329889043
1.5050210982642076
2.1107086158220736
2.4188721670837854
2.954530356412241
3.4905037900609663
4.050460070706781
4.582538313885024
5.135407803267079
5.663077236317495
6.203080592520298
6.758501828704782
7.299055542326688
7.810876382293571
8.350983620912412
8.87866266022721
9.410917698939125
9.974623663153968
10.53525314373272
11.087002046169271
11.594964052024757
12.12697756484435
12.683685187340714
13.227567479762428
13.775830656190912
14.359407287007151
14.907535923112103
15.448083318585041
16.0078365678211
16.49954870744199
17.059687989949467
17.679069824295972
18.183087357047356
18.719329872235477
19.231691344956303
19.736056550009984
20.25560048923026
20.77982278307926
21.311933836524638
21.835814481147644
22.371272719940396
22.903498483665388
23.3990471802503
23.94451740160465
24.4921235344166
25.03208819314718
25.528071995499488
26.063912138021657
26.57553574883451
27.127844565788173
27.668251518630466
28.187678276866926
28.728015213548098
29.227997935303613
29.760030359717007
30.280074390265977
30.80827742294057
31.34011069998442
31.85628312288086
32.38007452481025
32.915968680518525
33.44381531112789
33.96846331302403
34.50440505488705
35.04426685665872
35.59596417508256
36.13234903387067
36.6280662266888
37.13195776199454
37.65983432510162
38.184114032960494
38.72033490980411
39.22431715715098
39.75187213404937
40.27592711317204
40.80001625860487
41.32039656813832
41.84023500830365
42.36799341006396
42.89641085067982
43.43252637390824
43.95623458678409
44.46072386816
44.98488527710846
45.513573728245234
46.00484237045418
46.51628997243862
47.019664296479824
47.53547155980866
48.12013927886366
48.64912792835912
49.15681089452682
49.67657088212585
50.21674189770347
50.72926561763961
51.236622065255645
51.788577635292995
52.3328759632884
52.90513136265746
53.43678355949935
53.95319248550682
54.51260433323972
55.04861119623854
55.56458933918333
56.09754247881617
56.61647954052694
57.11721698135334
57.64114134480768
58.168802952170665
58.6690290331796
59.24435315506538
59.757019749820785
60.29705241287063
60.7886841183638
61.348441727810396
61.8642473182067
62.37305723214271
62.88898283280608
63.44107132805454
63.9326160384865
64.48478484426965
65.00072745395431
65.4931466975913
66.04486881451956
66.55639539953125
67.08850866545679
67.66520811996969
68.20494512509006
68.70898138372468
69.2729213062243
69.82889475247521
70.35755733742658
70.87630944168639
71.36091777432026
72.16042548562137
72.43286696064946
72.95670218318094
73.46852676966867
74.01333268143856
74.52887912778812
75.04914878377556
75.57253162250383
76.11297528210943
76.60093099704991
77.12555714784304
77.65729601042442
78.18494592619803
78.72096793038645
79.2447851890328
79.77308079071034
80.3010281666952
80.81710721758125
81.31280408444397
81.83726644887639
82.34909918873004
82.87738806304974
83.4136083510394
83.95749802258464
84.50127968665524
85.04524501659846
85.61658238883285
86.11354793407858
86.65756329375127
87.20101822515923
87.70909893473915
88.2490539188195
88.77272909707841
89.28842828617043
89.81273537442445
90.31796865971847
90.84494040762577
91.35678402675464
91.87734121243585
92.35335251019961
92.87691125923442
93.38871474589621
93.92911413548109
94.42881330481947
94.94552423244924
95.46891969306697
95.97330735225961
96.47380411025557
96.98585194725474
97.49749949703164
98.02054990225234
98.54529982643174
99.03305846654538
99.53727925308378
100.03006774875996
100.57036122409852
101.54070758747488
102.0415226080645
102.56136831298275
103.06146495186485
103.55771835977566
104.0654014187968
104.5974463956469
105.10517532283541
105.60915776862129
106.11325994844992
106.61713395261711
107.13666135235641
107.64105754750369
108.14977129898259
108.66476906036468
109.18520603654193
109.68582453038022
110.22950590171216
110.72554143497177
111.2462217828218
111.71735448552243
112.23352217133379
112.76131783529996
113.27314518113137
113.79755398664439
114.30945544447505
114.80928519590574
115.32545455828395
115.82552332755495
116.36200215365517
116.84950850565204
117.37749400617533
117.88190393281623
118.38518724684835
118.93351676134623
119.42103235897554
119.9097368455891
120.40870526406191
120.9328639057992
121.46955871200977
121.96553854529387
122.4612067863296
122.98541393004174
123.48964354504645
123.98497608272748
124.49757641818309
125.0011495665782
125.51321195546157
126.02570086153153
126.54918915218846
127.06175410378862
127.58201615391624
128.06618732032365
128.55324198584177
129.0739147575843
129.61739378653496
130.12930244099232
130.65268536614454
131.1778685581942
131.68560096073747
132.19749088910268
132.69735732575825
133.21761834355942
133.76592848131162
134.3139973555916
134.81827192348277
135.2776488612511
135.78574536315313
136.27017034451308
136.79754515252992
137.31782966344826
137.85744997036934
138.38972257818727
138.88496592826834
139.39328891505897
139.91798515576835
140.4454951632652
140.97013382198907
141.4987164493767
142.0268288324452
142.54273534836892
143.03453462845988
143.49376289681896
144.0019425596879
144.52225801587645
145.04944133773165
145.55364817881014
146.06209322166103
146.61379485785125
147.1499604525046
147.6822428399676
148.18610671240913
148.69771384809542
149.19723686539362
149.71369423661406
150.26547958123058
150.80614058808663
151.3142600347017
151.83779511495968
152.34589347517846
152.8460741034465
153.3696295924248
153.89412372839138
154.41418948846368
154.9496783158499
155.47418339494402
155.9737291505832
156.4897805982884
157.0261613115639
157.55815041508617
158.0860292587779
158.62614793926576
159.14619231608714
159.64653979247288
160.16183439054214
160.6823292637138
161.19380564418077
161.72198143829485
162.2779255492452
162.85068932094737
163.36200143304671
163.90603713573753
164.42171259469347
164.96592008611884
165.49791413454096
166.00959415013284
166.53026871137484
167.05372162570458
167.57786532551387
168.13010631710944
168.6262158094779
169.1339025431172
169.62578603649223
170.14940253128387
170.657445213566
171.17840446209698
171.6940870722153
172.2138505609172
172.71004188616217
173.22643902696797
173.72260574478568
174.25802843545193
174.75810841426113
175.25081918810753
175.76197361708878
176.25845758582767
176.75411687831155
177.24584027478613
177.7860260894916
178.29839644491915
178.80238601245978
179.33417630287505
179.8339196451268
180.36584301612942
180.87795514949158
181.34635562314077
181.84583004609033
182.3621369612568
182.89394430730587
183.3984302847169
183.91055522336063
184.4306578040924
184.90274199309732
185.39062027753363
185.90994272797457
186.43388303064557
186.94175355465865
187.45397818444656
187.95428270793127
188.47031820505788
189.00657875409024
189.50626241170102
190.03020284852386
190.53049667987776
191.042692813671
191.54940348646488
192.05034837611208
192.5661172068022
193.07021962644143
193.5780761214756
194.058071091586
194.60249427315404
195.1145210342999
195.6022311552348
196.11419416096743
196.6781483716838
197.13422069904476
197.64279915937973
198.1712971040812
198.64262046446234
199.18625754846482
199.71041652693765
200.25056616641604
200.75892363605573
201.24615161239706
201.7588548401891
202.25860951629602
202.75838541155193
203.29834406437203
203.77817022685036
204.27395259767894
204.78606086266984
205.30991372072654
205.81664780805045
206.3495167839083
206.88600907604754
207.35841463823715
207.82123107940538
208.37341957161885
208.86192576648506
209.37408013104294
209.90545436207606
210.38170481552118
210.90719663969605
211.39647998048315
211.9294437384039
212.4587347089237
213.01129258973396
