4.25918283678816
5.622657028780502
6.312817505280613
6.955841431868034
7.6433639213803035
8.30570627976304
8.981975230999243
9.65435153499521
10.341915784820124
11.045916046100555
11.682347898399797
12.346541371367763
13.001802506145047
13.708245997573105
14.369373596704754
15.032803665518253
15.694883604050435
16.389121079283342
17.051886437840277
17.73139876790118
18.399135629557584
19.070460907505005
19.735145899762074
20.421947560570924
21.067346639185892
21.75276137300319
22.412961529793513
23.069200632564346
23.71632177954904
24.36122709962988
25.00954653885905
25.687354860106016
26.3414708572655
27.011590983659516
27.668209504463725
28.339527967742864
28.958147822729558
29.62220701035985
30.313480419642712
30.971717589503843
31.618088380315235
32.296207786748596
32.96656011215193
33.62180887595017
34.27477877755219
34.96067058296185
35.634890087981944
36.2944286020441
36.95355333072068
37.64391423581128
38.32155791500471
39.00388712390665
39.66444233228439
40.332508966459905
41.0086487769062
41.67788260367625
42.355548682314264
43.049746241784334
43.748065910892635
44.44451262773882
45.15873234289538
45.921103835104475
46.62715993621083
47.27975964340412
47.96951438019015
48.665378460744776
49.340803238012754
50.02216129637773
50.704181971043866
51.41397665494149
52.09800585132762
52.80856178662221
53.509315024340054
54.18373035095043
54.87948446838793
55.5520765342103
56.26053070450094
56.891041032872
57.58173989385341
58.2833305510128
58.99007590216185
59.6920044970274
60.38688017493185
61.07802521168931
61.754579212249894
62.452046514498676
63.14792716675362
63.87219901810265
64.55320668104272
65.26650994765586
65.96291757578916
66.65968417140984
67.34789574490668
68.05084339805661
68.78307893605164
69.47156735523731
70.19528586001798
70.91713908814441
71.60596508957047
72.2976056875157
73.01600216018232
73.72071010701045
74.42108911615698
75.13607385401735
75.82717774323477
76.54657881636744
77.27145281566325
77.98141479255251
78.7003962193159
79.40533520588261
80.13579820071483
80.91897147686645
81.68015306053182
82.39181536415501
83.12597846952131
83.87374508174244
84.63273403224335
85.35750200394835
86.03631090987315
86.71085340941318
87.39695998658256
88.08908001244744
88.76409086799987
89.43887162517919
90.12000710639802
90.82339110190323
91.5013186832459
92.19129779103119
92.87942486858677
93.57135179850341
94.2468272769247
94.93935214314651
95.61965366604184
96.29514028239315
96.99669037093032
97.67871470856545
98.36622059050599
99.04060529780688
99.72190764562853
100.42650865538292
101.10432319002533
101.7812785670458
102.47894137060953
103.14476501082044
103.82923842675143
104.52134226966541
105.20593094191966
105.8973749850318
106.57984084325219
107.25660267328203
107.91008783831414
108.61198914196456
109.29062678858831
109.98612933019905
110.66500413407468
111.35927155823114
112.0411974832692
112.7413516543186
113.41220048036988
114.11139109542722
114.78761830906674
115.45972210916435
116.1539443325628
116.83675660805608
117.50619853077578
118.17070909265277
118.82474294756253
119.52342534705608
120.19525094873299
120.87049988542742
121.55525900659472
122.21805098320455
122.87990438865968
123.55801280573851
124.23206424681058
124.92707889983873
125.59155365312307
125.65896182091385
126.30399378997643
126.98415583357925
127.63765897164672
128.3463112431581
129.01624148648568
129.69932157198858
130.40058036624325
131.0680673019368
131.7550119258852
132.44991122223854
133.11822671604386
133.80183504825143
134.5019015146542
135.17044465782203
135.86152232943408
136.56938050912146
137.24554048787337
137.8881659994139
138.54860764522067
139.21259811920572
139.91684302317117
140.60455156989568
141.26528771392037
141.95702012487425
142.6406047791952
143.3286337876068
144.00121946123392
144.68475124681294
145.35285853175446
146.05293279639912
146.70481676620156
147.36881754286003
148.05265494235107
148.75679028734828
149.36067078141292
150.03710448212496
150.72530141690766
151.43262738862717
152.07652809750002
152.74861368951514
153.43297342085611
154.10901127176447
154.76866475041763
155.44854496466434
156.09699325250804
156.7850143606451
157.4645593661277
158.1123431058587
158.31638996689105
158.81624602631786
159.51305683844896
160.16862327995517
160.8847895210643
161.5530746765216
162.2614446503895
162.96902608577767
163.7009362048451
164.40098303861308
165.137463803485
165.82126031460564
166.54147429830255
167.24443730477228
167.95690706187474
168.67714966506503
169.4212700366701
170.14045906714574
170.85636526358377
171.55705984443614
172.30169846771958
172.95689196363264
173.6769491132059
174.38097795800633
175.08546373850933
175.80099575546734
176.5292138379182
177.23758828619998
177.9368249976959
178.648601462993
179.3412605703022
180.0813575482043
180.77311964800748
181.47719547898987
182.1730533280358
182.86522246311694
183.5732656848858
184.29719939595373
184.992709972307
185.72443851302202
186.44145324556382
187.12977171337056
187.84058356915614
188.6795640426613
189.45085430719604
190.21823502560395
191.01346860798756
191.8137736739032
192.62180460447564
193.34493374563323
194.02413482811215
194.72459580463746
195.41273512890552
196.09348220702486
196.78450723419138
197.4806713177227
198.1528172464919
198.8448527631196
199.5206408198646
200.20590613295377
200.90527748670922
201.59314989617917
202.2687237239103
202.960468514106
203.66141177439368
204.31286640419063
204.9929492506889
205.69416620511302
206.37659470952627
207.07266017574065
207.77664615091976
208.4648227472568
209.15707842587594
209.85316172597032
210.54536923740946
211.23363645553363
211.93767522841165
212.62087457368358
213.27228493117036
213.98031685518515
214.66514568246055
215.37334720465145
216.05345676291853
216.72524898597436
217.42095769822475
218.12484450157956
218.81668601079505
219.52108956761907
220.23269133008424
220.90575563742237
221.40146755594583
222.3210362076274
222.99289190812667
223.68922176465787
224.40526507881734
225.1055358340857
225.80548460793872
226.4932882305422
227.17344468248166
227.88965888460476
228.5734482575936
229.27732491244666
229.98496711965555
230.67342763778714
231.33704739837208
232.06086772253866
232.75687193139788
233.44899883212034
234.15316983455693
234.85698912965825
235.53674091000852
236.2288220332108
236.94897124198712
237.65276145642898
238.3210597421086
239.0292888867225
239.7246350668085
240.42862016012822
241.11686788975305
241.7928069611829
242.49305840506054
243.1649457897703
243.8859977388991
244.57357419846
245.28932687513569
245.9816797594769
246.6685191177773
247.3967531608538
248.08915637730792
248.773167139416
249.47722169263312
250.2251114326116
250.90883512006243
251.6084775382928
252.30921006513654
253.03357722721836
253.724478506445
254.4453677738483
255.12890525477422
255.8408314329385
256.5482072669639
257.26475583427174
257.91998620767043
258.6648673992793
259.3774567945627
260.08882020520974
