3.42328263148296
4.224260481570809
5.2912378344937405
6.21339176941093
7.235861976433475
8.217555371732974
9.190503984122017
9.631581702426574
10.605429572839556
11.661612534156415
12.672999887993598
13.793070974545977
14.744003965791489
15.813294241173017
16.785115354789834
17.801333869538254
18.218843713307784
19.26053254991005
20.285490531103264
21.311636999624625
22.322497647623287
23.32144821759228
23.85690945421772
24.82682061498922
25.70050209597366
26.73942143716418
27.715586968200444
28.563071255496688
29.15015587978335
30.045981787248834
31.039099568196907
32.05746846425605
33.05526819221829
33.79592387696044
34.622591333497304
35.399983525699895
36.38256241763415
37.36688973144834
38.051133948239126
38.94232420550395
39.71501601829155
40.32670317034804
41.23899314034813
42.249768145499424
43.078760144076284
44.085284581056115
44.67791032939569
46.672447328886506
47.52558785801368
48.467389013668885
49.48176570127541
50.16773232224547
51.000466414644954
51.899364799109655
52.811078721666405
53.51552631107887
54.46318165695866
55.379783798193046
56.30844605188851
57.23619211145921
58.12930030733577
58.89459740979561
60.02428516409173
60.83968662796902
61.852624463446645
62.75955828205582
63.645335430225856
64.58301815013344
65.52127286285949
66.70833829019368
67.58747977192814
68.56037740104672
69.565725380706
70.55724272471686
71.40229957498158
72.33724036693282
73.26829175757412
74.09677327671487
75.0654509241237
75.73004704956799
76.65967133230134
77.54152532134839
78.49766190211606
79.45837508020901
80.5212975107406
81.24548700612517
82.02270592763318
83.04279286588385
83.96376507900385
84.98119202039487
85.70245717178142
86.44516422205723
87.32068624312977
88.04820020408363
89.05230847707459
90.07265169310946
90.97246121376988
91.95440327688249
92.94183258716117
93.94090752090756
94.85301997053674
95.78135720756119
96.84490336757489
97.83595390114542
98.62741309086566
99.62573341597364
100.46546782738665
101.35864876362632
102.34166073566774
103.16899943881222
104.07408944147898
105.0497912530466
105.9103392082772
106.78889856402506
107.67568834051832
108.62743279135435
109.40969072418187
110.29226168460372
112.12003639505538
113.12003102622185
113.91427662684364
114.90544688903809
115.85514118930291
116.68775445491909
117.5993268483461
118.45634684804162
119.37163114583029
120.24298131055349
121.16421999661331
122.07310536283589
123.06257661910352
123.89277182713232
124.92210130736287
125.73364085368038
