2.5338702081001547
3.2885830845733333
4.025630700974041
4.740732514318609
5.461295711757518
6.223762120716501
6.959018875768841
7.730411237720394
8.450475032210491
9.20329541065521
9.9596070360519
10.69129241339025
11.44002998901442
12.151378292054693
12.859507841193627
13.645386811443766
14.400608928064356
15.134444873543316
15.882382024257819
16.619719191230214
17.399154638016036
18.116236620937705
18.881964425340147
19.611929511993374
20.337689051758254
21.085478255879465
21.864300803797065
22.554958803440215
23.32044933323147
24.019110959256476
24.749352264228648
25.488090926322208
26.232650020624604
27.00794665750538
27.710869936739467
28.43351535476505
29.169185833565038
29.900067646630376
30.643045021108854
31.358110806810412
32.096072041483
32.83541830547193
33.58252928283687
34.30180450879144
35.037088167347974
35.76252036149354
36.49036615727829
37.194668395895846
37.92447246558415
38.636569044837486
39.37527215841927
40.08572235161166
40.85794374685642
41.60455414507786
42.36801881764583
43.09003720429877
43.84987557166448
44.579138144195966
45.31742851858374
46.054193856304494
46.77678347312533
47.52544341493875
48.23783449154094
48.989567535378384
49.715906064749475
50.46985691074029
51.18457970247487
51.93373907172483
52.66841547979878
53.37668428037563
54.105725810506215
54.82967149102596
55.57503682638807
56.28142338844425
57.01411991368037
57.74757739280666
58.47955304144792
59.1922486913541
59.91424159519666
60.613584831409526
61.358737879064606
62.09121751184662
62.79790111877933
63.53199946852503
64.24712665055866
64.96444728116072
65.69122897922941
66.41920476916096
67.15066792260907
67.84804399126469
68.5876521886258
69.31630888693488
70.02483590423608
70.73457348307211
71.46550982244577
72.18870754895593
72.89481122043608
73.63776616355202
74.3447294553512
75.06443591938682
75.80814256765177
76.52930458077644
77.28233138505506
78.00064251970272
78.7620695731263
79.47671069680261
80.20577637650177
80.94376603092773
81.68410914234775
82.4275223492826
83.1795613604005
83.9101836160612
84.63155584760884
85.35646811961844
86.09176278033067
86.81737621727989
87.56951136477784
88.28296928770523
89.0310804948787
89.75966002129448
90.44985878627524
91.19939599674642
91.94024323902877
92.67482387997856
93.37986773912338
94.09845654260337
94.82271063293457
95.55725688695509
96.27102641938407
97.03250550129049
97.75720014949184
98.46961526689364
99.18186967454878
99.89371849119692
100.6516533765433
