6.117057507536804
6.793697436873385
7.4971658421874094
8.237195670222283
8.93182331024302
9.591940592677792
10.28225358396108
10.964975745022684
11.66282375120328
12.316074714860676
12.987114936354729
13.691188598059991
14.36173091800578
15.007142514393795
15.728267239512903
16.424253385573557
17.117215043565395
17.80308103024962
18.480733467648275
19.18401665073352
19.865208955356607
20.553745822249272
21.271372036674926
21.952394728807192
22.652209089134537
23.32186190172088
24.02091572078772
24.71153301281211
25.375946359615455
26.07589629519468
26.743104509544075
27.433245354678018
28.10904122584344
28.766291546638158
29.473174552764764
30.159265808465804
30.848332594436894
31.523191305373132
32.197608741719584
32.88399663419223
33.55667256076606
34.212469701471136
34.91006938099499
35.63476849088262
36.30462884905275
36.989020643118565
37.675027178689426
38.3359734502384
38.99125029746904
39.68833075557029
40.36498565650626
41.00638408424487
41.701108206158345
42.3952750131503
43.05950234336546
43.731561456078076
44.41127459269639
45.08043154051098
45.75999321719213
46.44367731590399
47.126061905730175
47.820342741864465
48.53695672089624
49.209822338464704
49.86625439295044
50.560771508881146
51.23394191435398
51.933100072732685
52.605918149848044
53.31378260844063
53.995944447521865
54.665289660992855
55.358557459243336
56.05333471351792
56.7196077889028
57.41299046461279
58.086376557250716
58.7610951415256
59.433215860647785
60.08856959784886
60.74377941083043
61.40378390018348
62.08056713087921
62.76337923880823
63.43227331240611
64.08030616138777
64.74882691532257
65.41996164854974
66.05964854105206
66.69330249605565
67.37133936474629
68.03625602861567
68.68803072881832
69.36634459079693
70.05890663469445
70.71006403966788
71.40055847087562
72.09213080788386
72.79690356890164
73.45223697293704
74.11430363044616
74.81149209929353
75.45540713122222
76.16475430309555
76.83380178941403
77.50564533843499
78.20254934221907
78.87076381569051
79.55257439189984
80.23526340913483
80.9337078647627
81.62266413320341
82.29336590165676
82.96657658166671
83.66430112067074
84.33584186043429
85.01626536679345
85.69365010409965
86.41169978512748
87.06914739485435
87.75652411772366
88.42899090415956
89.12417606766199
89.86994420319655
90.57677970830966
91.28006979240845
91.97581403006907
92.67998881661984
93.37607635152294
94.08196993465774
94.75538837217776
95.46921335930297
96.18194638394151
96.83800756556167
97.5596709366894
98.29104173034506
98.9935265247951
99.69001283669965
100.39576431769409
101.09449507285055
101.82575020927938
102.52117344762979
103.23343677991471
103.9585317174973
104.65447554600487
105.35355552889138
106.0400382700176
106.74317243821669
107.44342720054735
108.16861400589424
108.89341100973073
109.59648570721859
110.29045691040562
110.96498248946378
111.64468403765353
112.36685649845381
113.04057052953092
113.74991113728194
114.48614112106891
115.16134213818525
115.83320112181684
116.52363633880042
117.19500970328517
117.91453890519577
118.61215870648867
119.28802332891948
119.94065371804129
120.62090836900028
121.35830352160843
122.04620164714049
122.72963733464867
123.39592888914592
124.08706342283443
124.7545580581432
125.44866111818082
126.1260128161882
126.77851720052374
127.43242402386407
128.09125217251147
128.74455405663304
129.41853361438046
130.07021497623703
130.73476088585986
131.40652649200916
132.07941420854706
132.75389143058186
133.4319102606014
134.10262966650063
134.81141907737575
135.48830307089966
136.18988821415894
136.86095957976966
137.56969057553724
138.23770891309493
138.88668453660654
139.5743509255789
140.26575097846847
140.95976292566172
141.6625102882517
142.34920572839982
143.04849471089716
143.7319350669482
144.39247580020137
145.08534498010067
145.78805209459827
146.4804852484814
147.1672513243351
147.87133628756473
148.53127954726293
149.23295221639614
149.93177275607937
150.61005525620794
151.27215495616474
151.93602775285927
152.63346074001146
153.31525984683663
153.99775974694464
154.6913174960775
155.39392603684084
156.10510867364246
156.81669656741934
157.51141436555906
158.21550443981997
158.9337178671586
159.67582386147433
160.36345563001896
161.0782500205553
161.7680930389089
162.47003600430804
163.18168604845675
163.8813968159364
164.57517029526173
165.29106239152793
165.97586576832992
166.68694402597902
167.40168557954257
168.12248949217565
168.78252847348207
169.47445873932242
170.18828976802737
170.91200053826662
171.6249564923197
172.29828099363743
172.99108823518142
173.7026355253473
174.39215158032493
175.10258520021023
175.8166206342531
176.50684479918235
