2.404379016226764
3.249099743798765
4.1059692854501115
4.983621085361589
5.921886433336194
6.805514599796361
7.67681044230209
8.550236909695165
9.421338179401427
10.27263345139406
11.148604221405396
12.029715525352358
12.881412505659833
13.74877631996339
14.629037386869143
15.422306479444043
16.314084401662555
17.189719603899032
18.072496190588012
18.941528591206925
19.801007401203425
20.766133508919737
21.64560321434751
22.43473230508434
23.39006126580007
24.182401481268908
25.01140430810181
25.87618957707704
26.76400691297436
27.62982046658088
28.530933394418646
29.402019535532048
30.272693526924215
31.144719226533674
32.021352445970834
32.886432561059365
33.75361717256679
34.61389018977994
35.47407067743234
36.35000690120895
37.24281028577408
38.13831443482127
39.00077982373086
39.84351399795052
40.709835386626665
41.57577557132106
42.43855776681757
43.34440046633217
44.18992954623789
45.08553784335466
45.965066791605295
46.83984998498022
47.71647126996396
48.59411193737084
49.46451895515357
50.34572998580691
51.20786673461215
52.06261673639027
53.04102780052672
53.9169567743983
54.777469177831506
55.673394596782245
56.52091153858429
57.38080111331499
58.25751961815659
59.128987932214535
59.97228321815565
60.8247691254962
61.70040800860007
62.564732099950575
63.468349092433
64.3527405469257
65.24501879445747
66.10114238711282
66.98172866377087
67.84590488866647
68.70076660867852
69.58460269393244
70.47280474554933
71.35229387688656
72.17236312683363
73.06109787684474
73.9358682281792
74.8251756706902
75.69703273236098
76.56075017002776
77.43283937088238
78.28839247424328
79.19687600302493
80.06126375909668
80.94483675458008
81.82004868608152
82.67218538985856
83.56078365489356
84.38834923663354
85.24811465635875
86.14072333409445
87.02925854702187
87.88880367618512
88.73267149075824
89.62112886488373
90.50039446727027
91.35660033863684
92.24510189525594
93.11286672553493
93.98484741645845
94.86466664564234
95.74892213168056
96.61246443693041
97.48819044415333
98.34456167487463
99.24483450497765
100.11275632302394
100.96076085099725
101.81674475073642
102.70098075461041
103.58075738191647
104.48917113107967
105.47686404724652
106.86841041698432
107.75655286791734
108.62898133598927
109.47680877832015
110.35242974905674
110.76053807295406
112.08014800022724
112.52924500683581
113.42508792795672
114.70385305387032
115.60446117223233
116.46429570066297
117.31653859172248
118.39334537907865
119.2407311180082
120.14086921404902
121.67224838135417
122.53992641949522
123.40796660623916
128.77091826580406
129.54114058686338
130.5554484907815
132.2880156620156
133.04961417218948
133.85610354694035
136.03632749326545
137.36906489019273
138.26405865213502
139.13220694233675
139.99203902074527
140.8321328770561
141.70863785845552
142.56422810367337
143.44835348888333
144.30027891685552
145.2008170831951
146.07612905950091
146.9365230737177
147.85170363840155
148.2679847297073
149.57139998294696
150.004122981165
151.53671098765994
153.29694476695903
154.15251074719868
155.01630849250222
156.77656691248188
157.64016073387538
158.50785242856185
159.38054012736666
160.28830384084728
161.11986580017384
161.9961649216222
162.8564503396625
163.74395916179043
164.63237552819635
165.50823382635747
166.27721198315027
167.16580197561535
168.04663823137423
168.90082605677665
169.7668451359682
170.62275877117753
171.47650569913435
172.37300340453612
173.23629313927864
174.1167573353668
174.99024177626313
175.8729834935911
176.72925517350552
177.5856886228458
178.4896898054052
179.36629210166922
180.25486760253017
181.12071333302956
181.95346126240196
182.85051121328812
183.7211332368563
184.59054098833636
185.45315068016572
186.31994714153018
187.2101958849703
188.0988551574553
188.9282574539859
189.78616214175435
190.67217641516993
191.56374243424074
192.43094223413618
193.2976376234716
194.1636834344432
195.05208160733082
195.90833764115564
196.79185985530273
197.66511147283396
198.54094107124817
199.40011138132311
200.28263293371396
201.15049926206353
202.0428042208441
202.90746197353366
203.79175216239253
204.6636748281307
205.48974302025385
206.3448401943298
207.2775305088714
208.1510607339389
208.98048027848307
209.83909355992944
210.73465818362803
211.58969998929433
212.48682868860897
213.33287232613338
214.1847941999149
215.06956125670962
215.93895212046237
216.82055069073675
217.6944200821054
218.54164134291938
219.43427654876604
220.3230506373219
221.16630831354172
222.05230628540613
222.9322359166236
223.79845355323198
224.65658111224627
225.53064430135453
226.4003140454503
227.2815143724241
228.16308557055277
229.00319608444505
229.909559358426
230.77939510081336
231.6809052391157
232.54633446579027
233.41443837079566
234.2798049763246
235.14856106970137
236.04134922164988
236.8985972969982
237.7434108914888
238.64390198158952
239.51798094137962
240.36969103332112
241.2305357478886
242.13417693876443
243.02626159782056
243.90957045555012
244.74179385755423
245.64091177723049
246.54398299887723
247.37737097272944
248.25078186227694
249.09863230670373
249.95676058974357
250.82770701471293
251.7196169165869
252.6106135607364
253.47200021404484
254.3436082322229
255.21055385438441
256.07070865015487
256.94232726589735
257.84300177993987
258.7098338089546
259.55223843347176
260.4317045171726
261.3044363783831
262.1538898832014
263.0233183777731
263.9338649002785
264.7772117773279
265.634618371514
266.53962656926876
267.3871508616199
268.26564430704457
269.12504510371264
269.99651217596306
270.8865993581594
271.76703482507605
272.6351990678797
273.50758461566386
274.4045506581445
275.26400041383624
276.1091183459273
276.97261689307186
277.83822004444585
278.72033862146577
279.5895370986611
280.48370575804506
281.36779721996027
282.24638328399124
283.0941441201049
283.9496342381094
284.8180810561431
285.70627398728533
286.5504040016983
287.457120684949
288.3207899067757
289.1676758236378
290.0535842933091
290.92184913226413
291.8015318022046
292.63809057716844
293.54881641536394
294.4022983990912
295.27070302599185
296.1873535158617
297.05616745218373
297.9065371561576
298.7970118374792
299.6689151923915
300.53844520523313
301.4219662704279
302.2755528647025
303.1241340925079
304.010362798332
304.89034884331977
305.737030883001
306.6496333404955
307.5193587639984
308.3614394956686
309.24058748030086
310.121815596847
310.95382057638335
311.91032731195264
313.4055649910247
314.32604377364316
315.24214493031343
316.138938168195
316.53500168371454
317.8351487303944
318.73413155981603
319.17078537137974
320.0266972061937
321.37073881521064
321.7954044004981
