1.9078180212188727
2.6481226669658673
3.3519182418389835
4.11244865219755
4.820895580290754
5.539639040721983
6.263414369128567
7.004561303308106
7.732701179008921
8.462030220211915
9.146692142633189
9.881782161978165
10.605543301935159
11.335968782296613
12.071792756306948
12.815466104139496
13.537861393051756
14.289703414492775
14.998430455006066
15.739347970462497
16.470678725080763
17.18695639655154
17.919014554974908
18.629688110158348
19.35576080363748
20.100966712271372
20.845389400487072
21.587597137311214
22.317205485570938
23.059125580955424
23.788959319629043
24.511989065605377
25.244784376126177
26.00842122939433
26.74158989106278
27.49195971078386
28.254506075795877
29.021102253520315
29.728577038258003
30.489381405143313
31.206947012169874
31.951539391851888
32.672612708584396
33.40296009251393
34.133830236710814
34.86808342516841
35.58729872341459
36.32574919195779
37.029959198822695
37.799330543439076
38.54428691368823
39.28948077271256
40.02689549281207
40.774429503833574
41.51052612808522
42.26687580654433
43.00280795023805
43.76271535173957
44.50758593471815
45.211043080296434
45.93390932499605
46.68521777569473
47.441238880752
48.19770833916155
48.93687037965262
49.658320904481336
50.398472630178645
51.11387809669607
51.85723288063187
52.63965057128245
53.38646004584342
54.16068531331167
54.8697592266989
55.602480772303906
56.33370536210056
57.06422710177048
57.79680023230888
58.56911029970544
59.29238852766706
60.051625283705384
60.79789025211723
61.52654784893294
62.2713661556485
63.0245386377285
63.755353791129906
64.49971027267561
65.2480099705871
65.98089528280862
66.72738706524555
67.47592511153589
68.22818988512486
68.97634141768772
69.70662638826883
70.44668807909804
71.182834077564
71.94086261039506
72.68309831945132
73.40321821058367
74.1445105120727
74.910919445024
75.65983275697354
76.40337661281544
77.15014270200027
77.89290710959246
78.6407927595764
79.37399471096967
80.13476437512963
80.89225372541283
81.63729446904212
82.39387788642009
83.15194596366611
83.92929661984604
84.66871474383784
85.41295027290975
86.1558060470028
86.86402644321234
87.62076506987555
88.35468395497863
89.10875991159068
89.86983476402361
90.60830454540795
91.36034066448332
92.11824024796186
92.82944644101329
93.590063192121
94.32916775465728
95.0790380957173
95.83524305655743
96.55650437111359
97.32298354552711
98.05995623590067
98.81789719537505
99.57242022795305
100.31058081602671
101.03217815197164
101.78422254704111
102.53021921686332
103.27469122616765
104.02245320231472
104.77425888845562
105.51411320347776
106.26250949359236
107.00707613764004
107.71800024374843
108.45208931336795
109.22364610358596
109.9232148512738
110.65448971466127
111.38611336162576
112.1657044946088
112.86000675793841
113.5933945393933
114.31922935122384
115.08410898325221
115.79238204785722
116.51237088070387
117.24333954593281
117.97647753181698
118.69352285193833
119.41786005037929
120.15920341515485
120.8980564565033
121.61464857613873
122.34881726467253
123.0900236790188
123.83369443719108
124.5819406029069
125.3122115570801
126.04716107565645
126.78505116625747
127.54160202485068
128.28125884944546
129.05034699554255
129.7836642173178
130.52559238221107
131.26025945373445
132.00632466394597
132.74713984129306
133.46985821613032
134.19685045023124
134.93628582777416
135.69186684501275
136.44677463117205
137.15864737052385
137.91799848482702
138.6778181656143
139.40910632816326
140.12130981669222
140.87160394391785
141.61928391683824
142.3704200153374
143.08960633581347
143.85695903398783
144.5927094484354
145.33660651201563
146.0713771158833
146.82069129428552
147.5505558849818
148.29464946875876
149.01696951796532
149.77062612251825
150.53002897759
151.27962766354642
152.01237409247284
152.75577775268314
153.50821633259102
154.25579146804847
155.0123300952096
155.7745609517874
156.51570288206108
157.26721284472939
157.99928838431097
158.73035299182584
159.46242124778303
160.2156177940036
160.9588637790038
161.71766871764942
162.47831051292889
163.20427366963688
