81.422986516511
82.2452130198318
83.04166293065619
83.8909376628774
84.69171314584031
85.46446470300322
86.31270346177098
87.09528896108003
87.88901047982102
88.70438171079881
89.51359143701467
90.18865578663116
91.0041050641255
91.84689225222579
92.64270360183906
93.42201316586358
94.208645357302
95.03372285019135
95.83066461366568
96.63979326470314
97.40455001795425
98.21338859013323
99.03575302354679
99.80258273603988
100.60707846395573
101.39329034313727
102.16285278412852
102.97952221900006
103.81566268526362
104.60690736228864
105.34732719283804
106.04819691491912
106.76610458059992
107.57174712978052
108.33219302230341
109.15336482101236
110.0502040898396
111.07337717683558
111.90873741761865
112.73004166501815
113.49046602318961
114.33574693093897
115.08661423308021
115.90833099273476
116.66853417857841
117.41574844463851
118.23258330206886
119.09701031780651
119.89358077425294
120.6830391246379
121.5036064174424
122.26941759706197
123.1085785600177
123.91830998543439
124.76131118346039
125.50762611229263
126.3051518141285
127.09785117883854
128.19283180155895
128.68431962796438
129.47026720586177
130.2847941116204
131.04761859549507
131.87415645236166
132.1758584277892
132.6538058632854
133.4843040246352
134.27126211915305
135.03258414684063
135.7772192883088
136.59255698104266
137.3722058995826
138.18010312694935
138.98525437634117
139.76885164493825
140.57703851208362
141.72650226190706
142.13909711165655
142.9722573276099
143.75143579873819
144.54067697719967
145.30293461942836
146.10294826256273
146.9582630397532
147.72248949428018
148.51763200763986
149.3087370918127
150.11588760324915
150.86921378992298
151.7022781772548
152.45815044495671
153.21974157247516
154.40347231911363
154.81885167867773
155.62029697179418
156.40939230547565
157.656055893072
158.40068456109998
159.2048690720893
160.0416839768996
160.89555894204963
161.73207986455304
162.50743115752877
163.32040047058507
164.06481894356455
164.8817579755119
165.7026387183741
166.45614195569246
167.23606362515505
168.0153034322056
168.79865188891952
169.5928964864339
170.31967358631425
171.11881333089798
171.93326604964872
172.74265236127496
173.55348778234418
174.35481663973593
175.153909247858
176.01761201496885
176.74449178600878
177.511045730681
178.30747974505186
179.12566785417124
179.89268320010936
180.73714605546533
181.4790515283409
182.368936003575
183.12333997956546
183.92517647029723
184.74938447504024
185.51912335429114
186.28371107508082
187.11146099881253
187.94891662511907
189.5448778778976
190.3132082068189
191.0754598483204
191.87343877799765
192.62252944860433
193.4436222350734
194.2882666870368
195.0871472126885
195.86636156751277
196.6602456397048
197.469139739412
198.22297404789177
198.9886679624759
199.77263225169852
200.57997177175434
201.4148916513682
202.20312773525615
202.98610805876086
203.75457940753628
204.58669405011202
205.30236664905996
206.08223996186268
206.850586209644
207.62940302292148
208.10907207538708
209.14689805043122
209.96357095977743
210.88452591161823
211.53647099753118
212.40323332460434
213.22457960920184
213.98607193253173
214.8009026821509
215.67203025013526
216.47795951489152
217.22506359446163
217.99191677666784
218.83700829837693
219.61876425320506
220.37309231200965
221.1054159379068
221.87361281918254
222.6540595658559
223.4263819424772
224.20506838506702
224.97237118129817
225.74013357006413
226.51277399883614
227.25857889906533
228.01090497106352
228.78075035708648
229.55107949032902
230.33506037272645
231.07975432380547
231.79088378041908
232.52588192642835
233.3582387242594
234.10138289977345
234.84353606491152
235.66901250814985
236.43421741830036
237.14535369448606
237.93828321547667
238.73686651487014
239.4462912672963
240.66824916095692
241.3352241840268
242.06410259721582
242.81741252397612
243.62081074394567
244.37108739874475
245.1001593338456
245.8771483669699
246.7018663815861
247.45874893218098
248.1805083311634
248.85976145767802
249.7320638028088
250.40070573467563
251.2013839279774
251.9355943129367
252.76134738882118
253.4693072149473
254.26157910765053
254.90338005315604
255.8329707326264
256.5743961078436
257.36553394044154
258.0423150036862
258.8474770358215
259.6410364037982
260.37533895871826
261.1532057356005
261.88199747193886
262.69170215115673
263.4246802919687
264.1931260686578
264.92513158415835
265.6700877885954
266.428900594174
267.1938758946977
267.91776304425196
268.69015086683766
269.47764245852625
270.1127073850632
270.9221876291988
271.707037936596
272.414214305196
273.1740269615569
273.98652171739303
274.78505813327297
275.4899811537229
276.2023229663633
276.9046211253066
277.6577068952029
278.47925431510015
279.24090483234033
279.97687794818285
280.8023816391096
281.5527122441335
282.2882795759837
283.0221890110356
283.7821538541052
284.56204720588084
285.28603971801687
286.04831329812407
286.8280307642514
287.516273613354
288.0979738510294
289.0688664617675
289.8419724016915
290.60870491480006
291.62728913675284
292.4185487372534
293.2814836346939
294.0458854458137
294.8253733663285
295.56768759437847
296.29606850622463
296.99917732393396
297.81987548720593
298.52290853565904
299.2574592565985
300.0013106435569
300.8449452182313
301.58742630637363
302.34718523628976
303.0719375770192
303.82508116506455
304.61184452403324
305.34057087624865
306.079834559512
306.83410917324
307.54886785302693
308.2784299677988
309.02801109613745
309.8121998456894
310.53913126550333
311.2205952262604
312.0371874548493
312.75792181314
313.51205628870724
314.29998175948646
315.0678175388657
315.75269772002184
316.6582745267296
317.3003067494288
318.02371179254624
318.7825990917645
319.5940337628846
320.358326061908
321.1149828446381
321.909592913766
322.57293217607463
323.3927861580335
324.14585434619437
324.85143028397687
325.6260634215056
326.3641739173378
327.134214879851
327.8808833506964
328.6518728264345
329.4329574425328
330.1310630667702
330.90929901332953
331.7167044467777
332.3992446030185
333.1571531436948
333.8886609926069
334.70579258294333
335.4518808952783
336.1456245981852
336.9166455903526
337.6752493746502
338.52790389913184
339.2597800668011
340.0187038035706
340.7555343181921
341.5061077211144
342.2034604080345
342.9067901088995
343.6696605814087
344.4411019084322
345.18129540458995
345.95217819220227
346.70529690073823
347.46494769878876
348.1989282779766
348.94221708207
349.69640500287034
350.3539194832617
351.1649267597138
351.93500070692426
352.69492704489096
353.393969566672
354.16501607091874
354.89854724440943
355.6939116350361
356.3960375888854
357.13208114220686
357.88202157430203
358.59632109496454
359.362064654941
360.0731956180842
360.85753952810546
361.6359866088236
362.33095029149877
362.99595297306854
363.79889677969805
364.46549388363104
365.2175076574003
365.9617274772386
366.79510068330893
367.5444699014152
368.2677119192201
368.96348748266075
369.7300465941457
370.4448426159969
371.16894629323934
371.8840320274246
372.6201401678174
373.36163018511
374.124610583012
374.8797431921536
375.6051866225492
376.29520183960983
377.0311506816618
377.7769642422249
378.5212991299327
379.24933232237834
380.01621900338193
380.7074483077105
381.4298644731236
382.21384160105464
382.8835089894761
383.63223059372353
384.4006158129411
385.09896008539687
385.80920362433494
386.6214677717813
387.27171876802925
388.05461817034495
388.80897921480454
389.5202597456522
390.24499390603756
390.94622225149686
391.6951824573501
392.413222984993
393.1550362696221
393.8720440358927
394.628796144167
395.3741916558441
396.0672922997932
396.8621216584662
397.5299817627341
398.27385553705045
398.99020516201256
399.7061652748358
400.4721460439317
401.1811870644397
401.9683173702285
402.7089684057967
403.3901130478268
404.1596339849938
404.8959830536482
405.64512259460673
406.34141007974097
407.0740989516002
407.82048997208506
408.5869975005388
409.2639956827827
410.0510575611767
410.7701111335756
411.4196113456103
412.21612059962837
412.948404278005
413.75495142376906
414.4263903925953
415.935124728337
416.68368870726414
417.4482445837821
418.21032367930195
418.9564969402961
419.71870326458776
420.4405538423929
421.1638320071749
421.89039609009575
422.6475713732362
423.4196852933185
424.10972346207
424.8581420404496
425.5838897892726
426.37165058948904
427.09327054326786
427.845391346832
428.5501608092249
429.3082754014862
430.0455968722108
430.75879705377224
431.51598144800477
432.26650246481495
433.02519956979626
433.7806011104939
434.55750900447214
