5.602582445574886
8.935716766253684
9.591852687481666
10.290356303524911
11.05430172553763
11.715936841720575
12.42870442549961
13.108113107749118
13.806392370569686
14.474474967909426
15.161652895173232
15.845796825197532
16.52458393710888
17.204642448018824
17.88568741952337
18.569540657116505
19.264335253756514
19.921844299468027
20.615603721462165
21.295853882080245
21.89712696920595
22.607281418624382
23.345495907779405
23.94211199646511
24.675520763607036
25.421081550482775
26.148651987481067
26.80768413717157
27.392911907912243
28.17323153069301
28.788261026654194
29.55946929902499
30.159213313420263
30.831357892143775
31.606428784095723
32.20689492251524
32.97089405319221
33.63273155081081
34.331524472040094
35.00933014443204
35.589863042034196
36.44143985770879
37.0962691268985
37.67583355253236
38.365768695328434
39.044691315578774
39.736586326856546
40.52406379318622
41.129518198932075
41.891438943525934
42.57180689840443
43.19310040478484
43.89759228508167
44.57853900287051
45.29448169834898
45.98924866090426
46.75172541088777
47.45384446374469
48.14692346891089
48.84050388537519
49.53963012404411
50.13644013398666
50.91892678554785
51.492451013625235
52.17402517904124
52.97785558429865
53.66931040373304
54.292680253666134
55.07145783003227
55.739844599699026
56.33644319764876
57.118670144252874
57.69696332617859
58.39190501253762
59.07933046786706
59.84519119525437
60.54182748939627
61.23100895435043
61.80896993673052
62.57129379046716
63.29172704389672
63.88246496237569
64.6462920513883
65.24855666843722
65.91250657883235
66.71064392491381
67.35126015748317
68.08651330604023
68.75228579487273
69.3537522192272
70.16000658203231
70.824873373054
71.51646608782724
72.14952444575223
72.77580341791409
73.4499358711674
74.10418785207654
74.78831572582601
75.4872741569774
76.28314706188368
76.85391476712537
77.64064638669325
78.22305192353912
78.90540448295349
79.57707095539902
80.27291421896581
80.92805350410751
81.63425622883618
82.37935472495798
83.06721792791535
83.75871006187936
84.43714848264715
85.01939058888485
85.68475846495087
86.37120875194003
87.16853025102412
87.7666794166735
88.4494562199283
89.11085510544578
89.80309751138964
90.46785227886079
91.1189399589981
91.98056299111501
92.53564788786244
93.21548354887528
93.86810355259624
94.619811224415
95.34876317763039
95.92842601712584
96.59047787214256
97.35289243499464
97.97032817286465
98.70140528727724
99.3679487428181
99.94797911414219
100.74266244387508
101.3846857842069
102.07557475890255
102.77286689900201
103.48201051445504
104.11162073362019
104.8099667293996
105.46114845398048
106.0220503311258
106.70997710580119
107.43001509297613
108.03408135177857
108.71313417449113
109.34822463353719
110.00363369813809
110.67071232109024
111.35754187821009
112.11768005950834
112.70640952904792
113.45406772076768
114.1297368797947
114.70860060134164
115.36936513545163
116.0318329334726
116.68948644832219
117.42776332924579
118.07340682835721
118.75798273619912
119.44593792660923
120.01241269699247
120.7664339117021
121.35415791622819
122.13327194756732
122.6963417140468
123.40938714963183
124.1060723560668
124.67128541729988
125.3235274118369
126.07591305814594
126.648201159463
127.3736223899125
128.01187794421762
128.7392607818348
129.41347018445902
129.98596288619092
130.64173027139452
131.3019694605649
131.96222094822326
132.64128351779604
133.30928598985338
133.97786662951242
134.63202735597275
135.28096050250602
135.9305169553067
136.59775922597726
137.2260311291353
137.966866415213
138.6473209495964
139.1940850004014
139.89628859303585
140.55488555612877
141.2516593087918
141.89695690391767
142.6013424394412
143.35458749580104
143.95276325310016
144.69706659394535
145.32000815013438
145.9727068373813
146.66357753308046
147.32275667592813
148.0061948560587
148.62967592604593
149.28171053118393
149.95165428404468
150.61393914509895
151.29689228996534
151.94431161031488
152.59771870546373
153.24124767999484
153.91783456838746
154.57455182140177
155.24550731685846
155.90947636151486
156.58914531984874
157.24265784503154
157.88880005571886
158.54970143065222
159.21491791029766
159.83605087768632
160.4741376174408
161.1200545035895
161.80874480523838
162.44012763178472
163.09929401431123
163.74159642464627
164.4358247221325
165.05504224940208
165.67237450253234
166.31867882393516
166.96136867895598
167.6381611409155
168.2800514914496
168.91340408431859
169.5716000905091
170.22454386850671
170.84793361781686
171.50296315358509
172.17529790473543
172.81871211196787
173.45601952864706
174.07738284692581
174.74076420742077
175.38419875407675
176.0157361890674
176.66573537127059
177.3410419208853
177.97359291479438
178.60966341389678
179.2431793919248
179.88494869886532
180.53394228940718
181.16166722757637
181.83665645545395
182.45555422659066
183.1193451163363
183.75448648070306
184.402474123262
185.03583508004138
185.67377217463147
186.29704520333928
186.9340269837027
187.58394503385693
188.22172721454837
188.86946520838512
189.56402901078272
190.1794633302629
190.8117017317969
191.44686641801954
192.0818357579291
192.72751834367597
193.3574168077376
193.9955459827631
194.61116243253576
195.24686499492933
195.86436667131645
196.59422738902072
197.2557499630859
197.90627396934002
198.45500113258174
199.10507788283752
199.75108306081097
200.38519303319805
201.10755267905208
201.70853250092532
202.2685376006443
202.91607765745545
203.57190483147565
204.29680787817898
204.8417245601449
205.46054406222103
206.1275350131223
206.76129964983085
207.3580174735557
208.04764173599332
208.57208388416979
209.38047775798714
210.04232229177154
210.59276340727422
211.24310375394654
211.9928068763627
212.62350666927193
213.30491867698004
213.96199471804675
214.61024988901892
215.18231029505222
215.8472876248531
216.44966677395385
217.23628552948037
217.79843744039482
218.49023425846562
219.16226526308256
219.84520599693377
220.390923665964
221.15350100270604
221.68296170518693
222.3657836105765
223.0745596965055
223.6507272212515
224.30585294903184
225.06459165680883
225.61683836358827
226.26912855569157
227.03324747434178
227.58213930093612
228.21438969068615
228.8487783719252
229.50015042698834
230.285474849028
230.93979238409577
