2.241670194391841
2.926028048111977
3.662413187490926
4.362105733696374
5.124156324968516
5.872422031048922
6.578235436712616
7.312714558362594
8.026611244673218
8.75657708611582
9.526904741249487
10.309220783608133
11.088497770755346
11.873112369597466
12.623718370992666
13.405142285510259
14.159108204297922
14.906593911364471
15.648412110696107
16.36369831066352
17.099866936282744
17.844282867672685
18.588743479330574
19.3472309436886
20.088367329935437
20.83877637028982
21.631693010758553
22.316231403258314
23.06348279141603
23.810254587995658
24.563315870650598
25.340258862518056
26.11340575988528
26.8622515634113
27.614411452902146
28.335032271104325
29.054752964254742
29.821942996689728
30.56027402627501
31.286928897085467
32.00948014077603
32.77282799503953
33.51792124506436
34.22908096393921
34.964842927879076
35.73258377099371
36.49730368538971
37.32787237364647
38.100254037723175
38.86949753427524
39.62537453346801
40.3750987901019
41.13110993684163
41.87480647261029
42.644767568835235
43.39079080484102
44.140914455755684
44.88081859210305
45.62839111967494
46.38977857963796
47.14160635500694
47.9104368412206
48.632364219544684
49.45037654098782
50.21150462582368
50.946801408210106
51.66979550050382
52.457626892067346
53.185775683769116
53.94389687066381
54.67477287256733
55.39768054420283
56.14204718688274
56.86587794899002
57.59042267478907
58.33242173926986
59.07376381496179
59.8900833442696
60.671614326914735
61.5248700226331
62.334066129752834
63.1593135861246
63.876014561313205
64.63931377172841
65.39679900135162
66.13664200657645
66.8821809632424
67.60591276852418
68.33788750530181
69.12691469449422
69.88544103738873
70.63028551827492
71.3530463102483
72.09756744402841
72.84538167362376
73.58084451336569
74.33811960393538
75.08695138502195
75.81126941384629
76.55373602583349
77.28563695764558
78.01379004841816
78.81364680309997
79.51487367950882
80.2507005102943
80.97096814359097
81.735482623197
82.48661258551543
83.22471245467581
83.98132618841166
84.68523661885806
85.4297533284845
86.16624851525049
86.91749490874194
87.66244941553225
88.36390832479566
89.08412321238177
89.82655940389378
90.58588340004889
91.29346279221014
92.05046250368173
92.80082144644949
93.60524514078935
94.28168463000029
95.00842631093207
95.72487669263114
96.44073410887229
97.19243540600945
97.94048143926611
98.67012784211245
99.44202889677209
100.19294476941965
100.90407462199815
101.65081753434308
102.42924795581737
103.18906652458368
103.89456820230845
104.6133778539149
105.3927347284535
106.13167876542418
106.88897525770302
107.6341814981642
108.38763762736698
109.14870677200754
109.8784821614093
110.62521498360118
111.3715972411637
112.12820446534943
112.88842041327473
113.6408600361969
114.3962440020525
115.12977350826893
115.87558149065192
116.65842207944482
117.41843140673633
118.17523238867295
118.96512526475466
119.7311547882804
120.49137199540141
121.26090801856762
122.01526807886967
122.77837399180552
123.55806104132355
124.31551958973577
125.05829198636806
125.83429596019002
126.60966075606834
127.36034030926
128.13278920681643
128.892288724859
129.66560450270947
130.43533091804971
131.19125125879629
131.97704096009247
132.75890292100206
133.50222296864197
134.28360174621326
135.04935525313837
135.84639312266813
136.57906600143713
137.34998722787748
138.1120707919937
138.89058739697603
139.65176110182574
140.39480484907995
141.1740958100099
142.00090386251372
142.72336832403747
143.47894270621458
144.26726479679215
145.02068903480523
145.779446476203
146.53999080441582
147.2780018613882
148.04650475248278
148.79116587839064
149.51242565893733
150.27034772228032
151.03395717198632
151.77266503741333
152.50035416714547
153.27992335608235
154.00180078634997
154.7547572961682
155.4854509113241
156.22907890287854
156.97608182056882
157.7265914262871
158.46149349516054
159.20701996054277
159.94995314002097
160.68811598883832
161.42066572273814
162.16802107401412
162.9230702647498
163.66081377478196
164.39683813108167
165.15881344600544
165.9079178188019
166.62196200985198
167.34571247510735
168.09714721109006
168.82480223824658
169.59932088644638
170.34698406450227
171.09550754649257
171.83830952218
172.58853624377198
173.341838599756
174.0647681258717
174.80144396060115
175.57528908045435
176.31613294522347
177.09618531270615
177.8389848338606
178.59674191856402
179.3505423272035
180.08560632295186
180.8580210127315
181.58225354130855
182.39710310046738
183.14233976234118
183.8456245184833
184.5474921562352
185.30961726377691
186.07264292280104
186.79753146425935
187.52626567057249
188.26181056251414
189.03504342840228
189.78871091191144
190.53407485254178
191.27895092662254
192.0363954740681
192.7823576774512
193.54741185789192
194.31249562034918
194.800482744006
195.55841654165366
196.26726129871906
197.02033292265747
198.04427104879227
198.81410993259385
199.28695915654853
200.25359544230088
201.00266955793717
201.78129056008427
202.51657997593944
203.28558741474507
203.7718012521879
204.5324222911558
205.53882347099844
206.02571201802078
206.79480733931058
207.75249570455594
208.22411765657336
209.2274775906763
209.967697020866
210.76139937818346
211.46912257897554
212.21724847777108
212.72419094670536
213.70676740513397
214.18968313349706
215.1783958348985
215.95049472686577
216.430341915834
217.15851600633357
217.93558740675203
218.659726187118
219.39727376521833
220.1509009860601
220.89135236919458
221.64925934152498
222.61413461800336
223.34894271893074
224.0929659497038
224.8572740034969
225.3511104715738
226.08856679853255
226.84089604208663
227.7899049575579
228.51943379445947
229.30235253475246
229.803359463052
230.6073763478388
231.39903887794998
232.15090688666905
232.94371574445114
233.72615031339572
234.48012733596653
235.2421057251393
236.00615043784632
236.79488503391133
237.5358296518115
238.29703546856445
239.10019855263437
239.86692334893422
240.64161380205394
241.6514825222706
242.16580167789928
242.93926959149124
243.70132938172156
244.47325567130994
245.27846704102726
246.0738102731651
246.82411728419785
247.84559903819087
248.6566492560273
249.33897982769906
250.13226147842204
250.92757045217638
251.74426982595094
