6.527525631366773
7.119423381992947
7.7291401310463765
8.253764301035826
8.853525971331699
9.461669859833174
10.028872385292697
10.635949085546393
11.241990895429373
11.834665918785813
12.408336688772257
12.984597774951744
13.585295927224008
14.185871078111287
14.811619407997703
15.401631792923538
16.02251429359292
16.613654665753337
17.218345033365846
17.818268745802786
18.42083372457209
19.001679067339225
19.593080907376102
20.24089287132812
20.835008428243817
21.41208561756259
22.03554108454982
22.630446408360356
23.22452393061766
23.90432519822602
24.485739918633
25.038918262426836
25.632898796305554
26.21654046727651
26.814264684222902
27.39782731660027
28.019126822742695
28.638858448093693
29.249189363786492
29.82451389865838
30.399034007929096
30.97841956002657
31.610563343784996
32.233287146685996
32.834100287322485
33.40651279034489
33.5518467590329
34.00581982661342
34.58811720794572
35.160710785774754
35.764021537880325
36.35271245100432
36.93934541777405
37.564535342384175
38.16235155918581
38.76371816719251
39.35485537439091
39.95700895946708
40.55311506596912
41.16294750268828
41.74623799574711
42.37051546765919
42.97648671556267
43.57164844705272
44.16082176504787
44.714767583338585
45.34752802059644
45.98360792103718
46.56357200494823
47.15439569051361
47.76205075125394
48.355207499691204
48.4772886102173
48.92185789531365
49.49479184735996
50.084783895848474
50.708999122023755
51.29329129673094
51.85196936240738
52.443929468654126
53.056607098460375
53.67376726420143
54.276787081928674
54.88951445320164
55.49593321891486
56.07948351883728
56.67539759903511
57.30096521665244
57.91447062471906
58.51352732772225
59.097603984491585
59.67852496991168
60.284874309955
60.86744207054129
61.46456620633204
62.07139244207089
62.66726959422258
63.28140654638182
63.84903452624586
64.44000080473216
65.04598394188992
65.64908212092578
66.26787178374391
66.87733205645667
67.47028215993467
68.06404799452662
68.65702326626541
69.25319106133153
69.83191716200685
70.46470000966784
71.0480279892947
71.65753197328995
72.24681100940943
72.84141686817965
73.475011860889
74.078538310566
74.66616755298574
75.28171386558381
75.86091661242492
76.45961414321586
77.0604700900854
77.66165206965533
78.29828024791362
78.89230594552255
79.47717339145913
80.07351542445835
80.63853318300454
81.24351065260726
81.35760878948679
81.82817238486088
82.4055594011639
83.05449229705869
83.17673004222704
83.637446885685
84.26407989599895
84.38974332051785
84.86650061016928
85.45985044431504
86.0640564762892
86.67725021828008
87.30247513466375
87.6515243714367
88.29185042214124
88.94216078176541
89.56024195371052
90.1892833281509
90.83939973518179
91.40503060256859
91.97747232878308
92.61198980880202
93.20021724790087
93.80644359521423
94.40698010728903
95.01235680450388
95.59635505218388
96.22302464465406
96.34902091778778
96.81389285239959
97.39481734786344
97.51663677536442
97.96598029742637
98.55240545092994
99.16630089344409
99.77269769205498
100.3791366484765
100.95461321727106
101.55073249957952
102.15534512529632
102.73048268302188
103.36538743627176
103.92955827728436
104.50995501231233
105.11248784638695
105.74897765693336
106.3612507608612
106.97916399771637
107.54982244693893
108.17638807478781
108.50116793689328
109.35397115941379
109.92745447556207
110.50672714524566
111.06024771551257
111.665944500147
112.25698795740011
112.88563104908962
113.42007149687811
114.07231532553541
114.63002190880243
115.21866270399522
115.76741463511554
116.39998427956537
116.98945464451205
117.55657497752208
118.1744659623496
118.8001578277846
119.39925564959381
120.00610437062343
120.59049715734199
121.2234207743721
121.76366216030206
122.36878033700728
122.93400166476755
123.53119668467355
124.1209652846
124.65997804599448
125.25958804921007
125.85097113890922
126.47992986569336
127.07521676502719
127.63358551259384
128.23397105768663
128.87872854750185
129.46582311310732
130.04637359416245
130.63079518618667
131.21613519174764
131.83981884871952
132.4204855148962
132.99934984145924
133.6191521508594
133.93501316240895
134.5460645328069
135.1596010745016
135.82010226000426
136.4459067726138
137.04159887251726
137.66373820119168
138.25789527727161
138.87040187463526
139.4508739811123
140.0601182338114
140.3929382907722
140.9634415135683
141.76968287055038
142.35846974832475
142.9747637163016
143.54502737766347
144.10470871400383
144.7156655405654
145.3331451898183
145.96757606820074
146.50328797596603
147.0877426585131
147.70168884038
148.25427353424942
148.85112275394152
149.4744258676243
150.08348417629946
150.64215594645913
151.2711505359423
151.61298973991165
152.2405094167147
152.82677863990892
153.46987016596944
154.1279283911985
154.72555493356367
155.34617591446624
155.94737270393114
156.53728859467194
157.14155774297225
157.76115256516965
158.3489406535341
158.94568385316032
159.5550805954737
160.17208897040524
160.50357276661174
161.0992864029406
161.74335815864072
162.33773158376948
162.9358111818376
163.57771829723973
164.22439668264096
164.80814924400238
165.3762688722837
165.98383186036224
166.60792787863627
167.1839782679711
167.77045179815985
168.3519169004149
168.92243835279152
169.5013066913735
170.10107060075575
170.66144273028658
171.24743511851108
171.8789871521649
172.44469723440574
173.0419940790726
173.62313220140067
174.25200118495556
174.86912793160843
175.20291159724812
175.84313785725539
176.60296884744523
177.1959003796567
177.77557032041972
178.34103069050104
179.03453864184794
179.55532836292164
180.11912499897676
180.71490903496442
181.31034604096982
181.91004918013556
182.49469224914796
183.08136722006472
183.66387939434534
184.26320510427743
184.81146426715748
185.4080307001235
185.9629268682417
186.54053630740174
187.13266182127572
187.75399887042136
188.3404684642651
188.93039257792202
189.51444968457577
190.0905069328286
190.68048172888138
191.25507981393687
191.85877967530956
192.45729268536013
193.03654642078988
193.7042373919463
194.21783271227
194.78310778125493
195.37649860480812
195.96928292164344
196.54903140623858
197.1589990515465
197.78836793870977
198.39005604077167
198.9883243725911
199.60895721555633
200.19753058068997
200.78746107680027
201.35389672049988
201.9242434241909
202.5073219549828
203.10595347181115
203.7028604579969
204.28485323355426
204.86701554717283
205.465803985355
206.04231526661442
206.62399029097193
207.18877538076757
207.7645461679553
208.3688721347753
208.95580807593998
210.2154805424269
