6.711881001743045
7.2238499900323925
7.864335735549682
8.500246703208095
9.130140040043564
9.770705792467615
10.400947159864991
11.040871549326992
11.63570991356248
12.245055352543282
12.871598774862717
13.498544033143151
14.141225684666164
14.776938558314448
15.417814334159385
16.01492201773292
16.657190626043562
17.28878471821678
17.90973955586569
18.52540166909487
19.255064851920345
19.8156550370399
20.43984453784393
21.074540424465674
21.68867874828056
22.323565668976805
22.94389676100123
23.654460796040492
24.183832622018745
24.817952807128442
25.44213452177405
26.106712495909317
26.719637173865117
27.39740989731945
27.930171080661296
28.538361418479298
29.163864248598358
29.786590277914513
30.411273099673203
31.041177325417493
31.673368125688803
32.279110823697366
32.98610429209831
33.544429924512784
34.160412543404206
34.76889338740392
35.3747573350521
35.96401856307437
36.558496656616114
37.17396556113581
37.80060355532076
38.40454291302491
39.02211763834866
39.61918970388372
40.229344984403326
40.80130469228699
41.39975874015482
41.99954773520008
42.63173258930625
43.25113096051669
43.86614498553962
44.44773909343638
45.05063605962408
45.621873938597936
46.27100486763577
46.79470600058214
47.40854717236724
48.02804117023761
48.633650648259405
49.23929601354367
49.86325400455633
50.4616029213323
51.06842450159553
51.69833008236355
52.43449482858556
53.11222480793692
53.75552536112637
54.37310032704782
54.91361669994605
55.5580138087807
56.14515442219955
56.91021626513014
57.46529504111758
58.14364072245286
58.69326386967016
59.28640297755915
59.92225082358135
60.51226577598608
61.12556552473352
61.72654177722001
62.35516663639737
62.986680373968866
63.597463847653664
64.20995362688544
64.81470417755362
65.41756644445555
66.00736702050423
66.63274277727739
67.27918994466916
67.95197304328984
68.49927352830562
69.1235094136311
69.70194120609402
70.39176202768455
70.91534120833724
71.52689457286812
72.13581103503253
72.74517264325189
73.34154182401548
74.04008417927872
74.69195983378827
75.33591913391157
75.8932592610519
76.53091320702983
77.12179321025974
77.71244072864593
78.2969097381939
78.93364436791367
79.56739853858073
80.16606897640756
80.76481355585558
81.48094435099526
82.02479976990287
82.63987596661113
83.2605207530083
83.97502591382627
84.51979052901702
85.12335740128913
85.75306967897015
86.38277063165563
87.02773693767992
87.6229463343018
88.22952580886563
88.85595521785785
89.45310624939992
90.1108971236546
90.79030459027109
91.51083503965589
92.20920523877315
92.78170301238535
93.4160513312244
94.03483225134777
94.67330656530157
95.26886366184094
95.8678674367631
96.47486312457015
97.12425619560946
97.74207190108635
98.3692744595332
98.98338531715265
99.66566096708641
100.20083040823701
100.8915501973196
101.4045081483398
102.00577097308977
102.6273839999012
103.23006554833081
103.82741800258104
104.41945767822561
105.04712614684476
105.64034906228474
106.21498426435518
106.8191874049151
107.4263917216294
108.0501828929533
108.7304699056608
109.29257057511015
109.91467372417391
110.50038355383768
111.0832036739686
111.7109286678503
112.280203204546
112.84830820904429
113.39984371361251
113.9667601044261
114.53031009607169
115.09404779678971
115.65741868777324
116.20037592255896
116.73825156078927
117.31500032880729
117.84623484671536
118.39041723517308
118.96173705080986
119.57763652656033
120.09021712281685
120.62210641785495
121.15731288044783
121.71026589311339
122.24833705046527
122.89825099374336
123.38161044195968
123.93250786515557
124.49337671044754
125.10604167675785
125.68850472887073
126.31257030972262
126.89026653132456
127.47460592844901
128.07319528603918
128.69382838252886
129.30227938397334
129.89620995850998
130.47989750412617
131.08394406384375
131.7032103906297
132.32839021633674
132.96160102165516
133.68669331525703
134.24116154534025
134.91827554114582
135.53333584469158
136.17215374489578
136.767938204899
137.38365581752188
137.96140916445486
138.57565077682946
139.18205324188565
139.7843851248943
140.38656277102825
140.97241319341427
141.56107862063655
142.1810974485571
142.7852239853811
143.38194502452325
144.006576911088
144.60270804999644
145.2355378130016
145.89694054851122
146.62723943114656
147.16777251876837
147.79497640128795
148.39046391128127
149.0176309040107
149.61682297557263
150.21952592284623
150.83559100825252
151.4613264213888
