4.109334863271181
4.821018463191472
5.500475294218665
6.179535805976762
6.89221705826833
7.590797748328588
8.301782169777312
8.96250360784385
9.706576523540505
10.436148560508965
11.124861321491188
11.844855342538622
12.543823550590055
13.246683594084494
13.945596346417766
14.656491026742607
15.322286993213195
16.012802010580074
16.721641161967483
17.437153334547343
18.105817315998475
18.791400390680096
19.488484775651493
20.20327206420712
20.936246883257066
21.65439935231199
22.344063987136625
23.03269519990336
23.714903646151914
24.432964004927623
25.139387343221006
25.85577972458937
26.55679237296555
27.263359959337865
27.95074448747469
28.659282407908233
29.4082109913487
30.148256319524005
30.889366713878907
31.59920248065498
32.30622086328384
32.98148234953278
33.66996425128044
34.33624583448094
34.98740825537165
35.66622945419286
36.36552065805792
37.0561380847439
37.711712990365214
38.34837446023725
39.025555461712216
39.68548050207307
40.4030740155625
41.024901168429004
41.75301708195291
42.45079284068225
43.13414831799224
43.7706704272662
44.45352045700901
45.1243903012654
45.79353403467732
46.450047222642006
47.130568448588676
47.82300227387985
48.49783282046167
49.16156591690991
49.84609979193415
50.52553843740789
51.22120115952531
51.888511025365474
52.6034720024414
53.313456980174664
53.96865504639773
54.64016572824512
55.33244870963749
56.00010309478598
56.63831339936052
57.29684680327487
57.97761597365389
58.67179549658589
59.35215186288282
60.014993860776336
60.68692738559554
61.33307061974375
62.046612732853845
62.697495602785814
63.379424971484
64.09200351925269
64.7459323657356
65.41566841830337
66.08007082976019
66.76558266200138
67.43481328577846
68.10395388715745
68.76999701896202
69.43349840621258
70.09727335772229
70.77499398305928
71.42475121999574
72.07938001034249
72.76923761112369
73.43802234808444
74.15826385762857
74.89620099886079
75.60995494779917
76.30924851363339
77.0165059687077
77.6813438892367
78.36081629343002
79.03324711851153
79.71059673653117
80.44246709981925
81.14424598759382
81.84576603440745
82.51252474319567
83.19520716714223
83.88535126982703
84.57233144529965
85.28711107421091
85.98047597211685
86.68987297000763
87.38317641509133
88.07008595126315
88.73814437925776
89.397113687499
90.0942808427026
90.8098468067324
91.52063473482995
92.18241582288192
92.88245785948749
93.58345160050735
94.24546291236814
94.9066545156746
95.59778765342321
96.29816640004091
96.98953586103158
97.64959304550588
98.33349665822155
99.02638998394303
99.70389647972226
100.3807802523852
101.00983740187749
101.70619094691875
102.43747571806955
103.081103137029
103.73679612368826
104.4162725745044
105.08589557574692
105.78977038994638
106.44115563924193
107.13323312509468
107.78777423386595
108.41750038288072
109.06555176318494
109.78286938482773
110.45135603758018
111.11871173777558
111.78976960819543
112.44950076200243
113.10335454453295
113.76050246922472
114.43554522942753
115.10290346639593
115.74085814720405
116.46021920401883
117.04894385777324
117.73659349078493
118.47562471135872
119.2354998096645
119.89037136328056
120.61192422140306
121.34248427846083
122.00552448441103
122.70253102772746
123.35905024427733
124.03472294811142
