35.472895721688914
36.20687876275521
51.88731843700264
52.33598432635412
52.352792265027034
52.36973608514589
52.63522075437595
53.02380343259681
53.39963518503217
54.196210284009865
54.9672972714553
55.02952277609227
55.74037171792692
56.46335353903198
57.235047256573345
57.97097825764623
58.76729647416818
59.51575791587382
59.85835156250697
60.39658622655868
61.169745923294855
61.469803415603664
61.4809288968229
61.928082509927705
62.24354730241518
62.254692392984715
62.70592320402608
63.00611474607476
63.01725618066372
63.02874277305416
63.48140694824841
63.774205636752605
63.7851547169096
64.24423081719905
64.7287359373976
65.7506364600101
66.25945779247688
67.30946864761907
67.80556059738274
68.36007144200066
68.37139027473746
68.38282551721906
68.51755858232288
68.5960952766305
69.66254676738016
70.41185580478641
71.13733702018897
71.88269602539404
72.63892324627164
72.87661610524965
73.13878769667531
74.16239722583384
74.93576945021474
75.2384802699738
75.24977941026985
75.7191022527211
76.0063783332855
76.237686120612
76.97905237200352
77.72483321900879
78.53124176528883
79.3231248429145
79.75519750797389
80.308036678303
81.08980832701522
81.8524441354479
82.61906207760263
83.39143165239443
84.17075578243143
84.6675173343882
85.43782618720724
86.46621361777265
87.2500572421713
87.72883735843382
88.7621510685958
89.54051730630913
90.31362723593102
90.82939997519767
91.85478859559764
92.60503755643151
93.38942204967421
94.15170850840306
94.6519704411642
95.41964202890489
96.46082474629114
96.95547233021071
97.70946497915773
98.78303430940366
99.5439654505135
100.33811817384961
100.79590980086502
101.55488605212324
102.32814982768897
103.08262135994062
104.12132615798163
104.89472854410857
105.67168402820624
106.42022933981994
107.19354997342148
108.0072783863437
108.77234694856534
109.27319303215108
110.28526806702922
111.04784075650704
111.83409182510115
112.59704236662893
113.34394702589344
114.10624606025013
114.84259631073172
115.6023495094301
116.38938510758652
117.1279923153322
117.91387658987924
118.67466706363797
119.45005603448482
120.21522601782328
120.98884271640276
121.76702517338367
122.50877648650122
123.29014349048283
124.087872538293
124.85766571406704
125.63687319735186
126.40247165920468
127.19936811770793
127.95950469099279
128.7642972946674
129.52536164713817
130.2387337035783
131.06223958647314
131.8449786701991
132.11224035890183
132.62108656231987
133.38594737712663
134.1701484930498
134.92473122557683
135.7117299504032
136.51154957255358
137.30095391627086
137.8004014635439
138.83120833945728
139.6103200757094
140.3812465364411
141.15953987689088
141.9303372519624
142.736316574503
143.53866005310917
144.38023055365318
145.20226240066623
146.0154099612952
146.77015475790117
147.55164188840283
148.33347313163745
149.11254531891046
149.86716084104066
150.37200998932104
151.3706196760606
152.17824350983318
152.95129526838804
153.71704981110793
154.4716601724521
155.25334433485457
155.766372292297
156.79381741313688
157.54403617669755
158.32945361238166
159.1109671236548
159.87475908074268
160.6287075318194
161.42902599387088
161.92334234714565
162.9547822105075
163.7110700604725
164.49226074355613
165.01957337109417
166.01313108137504
166.79962684295484
167.58652508205762
168.09684121110823
172.3754103699742
173.14317560359882
173.95150844370693
174.7432326562039
175.13742551989955
176.29558512091964
177.0681622098927
177.84769455723523
178.63572145134145
179.4187296489144
179.8248215232961
180.98478887202822
181.75949337682948
182.617252213068
183.4220846777842
184.23244446266244
185.0837519726536
185.9531822003172
186.7285197215444
187.5377762840041
188.40508896874564
189.27856982214266
189.67735010153723
190.8671478046328
